1688.13	0.09	62	4.8	5	6.2
1602.04	0.07	61	5	6.2	6.3
1751.66	0.09	67	6.2	6.3	7
2057.46	0	69	6.3	7	7.3
2118.39	0	70	7	7.3	6.9
1660.70	0	75	7.3	6.9	6.8
1254.64	0	76	6.9	6.8	7.2
1086.89	0	77	6.8	7.2	7
975.13	0.03	74	7.2	7	7.2
914.16	0	67	7	7.2	7.4
869.43	0.04	53	7.2	7.4	7.8
828.67	0	57	7.4	7.8	8.1
784.71	0	68	7.8	8.1	7.3
718.68	0	64	8.1	7.3	7.1
677.62	0	60	7.3	7.1	6.8
651.65	0.07	63	7.1	6.8	6.8
622.72	0	53	6.8	6.8	7
594.98	0.04	52	6.8	7	6.9
564.76	0	60	7	6.9	7.3
529.85	0	61	6.9	7.3	7.8
539.99	0.44	66	7.3	7.8	8.2
565.38	0.08	70	7.8	8.2	7.7
549.46	0	60	8.2	7.7	7.6
497.38	0	62	7.7	7.6	7.1
457.30	0	68	7.6	7.1	7.1
442.62	0	74	7.1	7.1	7.1
417.38	0	65	7.1	7.1	6.4
422.44	0	71	7.1	6.4	6.1
605.73	0.45	60	6.4	6.1	6.2
695.87	0	56	6.1	6.2	4.6
723.84	0.11	59	6.2	4.6	5.8
683.87	0.11	62	4.6	5.8	6
1038.40	0.68	59	5.8	6	6
2515.65	0.08	57	6	6	6.5
2646.95	0	61	6	6.5	7.2
2510.48	0	72	6.5	7.2	7.4
2137.56	0	81	7.2	7.4	7
1404.18	0.25	75	7.4	7	9.7
1167.45	0.08	73	7	9.7	10.3
1279.92	0	71	9.7	10.3	10
1223.80	0	74	10.3	10	10.1
1020.82	0	75	10	10.1	9.8
875.05	0.14	79	10.1	9.8	8.9
762.78	0	69	9.8	8.9	8.9
685.64	0	72	8.9	8.9	8.8
629.11	0	81	8.9	8.8	8.3
811.02	0.42	80	8.8	8.3	8
914.06	0	81	8.3	8	8.2
1064.80	0.59	75	8	8.2	8
1308.45	0.18	73	8.2	8	8.2
1418.98	0	76	8	8.2	7.8
1210.78	0	78	8.2	7.8	8.8
851.23	0	80	7.8	8.8	9.9
710.36	0.1	73	8.8	9.9	10
626.75	0	73	9.9	10	9.2
568.38	0	77	10	9.2	8.9
545.05	0	79	9.2	8.9	8.7
1139.29	0.46	77	8.9	8.7	8.1
1960.64	0.92	75	8.7	8.1	5.8
3457.90	1.03	75	8.1	5.8	7.5
6131.78	0.01	80	5.8	7.5	6
7422.85	0.05	81	7.5	6	6.1
7755.14	0	82	6	6.1	6
6059.77	0	83	6.1	6	5.7
4307.81	0	77	6	5.7	5.2
2882.82	0.08	77	5.7	5.2	4.9
1678.71	1.07	78	5.2	4.9	4.8
1160.95	0	82	4.9	4.8	5.7
932.12	0.03	80	4.8	5.7	5.8
862.45	0	80	5.7	5.8	5.3
1031.84	0.26	75	5.8	5.3	4.8
915.67	0	76	5.3	4.8	6
1513.32	1.88	76	4.8	6	6.2
1498.22	0.02	73	6	6.2	6.6
1323.36	1.21	79	6.2	6.6	5.8
1593.48	0.31	84	6.6	5.8	6.1
1617.18	0	84	5.8	6.1	6.5
1363.62	0.07	79	6.1	6.5	6.2
1189.03	0	75	6.5	6.2	6.2
946.94	0	74	6.2	6.2	6.1
793.23	0	69	6.2	6.1	6
743.05	0.8	77	6.1	6	5.9
1445.90	0.08	77	6	5.9	6
3011.29	0.13	83	5.9	6	6.2
3086.95	0	79	6	6.2	6.3
3391.85	0	82	6.2	6.3	6
3433.91	0	81	6.3	6	6.3
2225.58	0	73	6	6.3	4.6
1073.50	0	73	6.3	4.6	3.3
835.24	0	74	4.6	3.3	5.1
816.18	0.78	76	3.3	5.1	5.3
642.28	0	71	5.1	5.3	6
540.99	0	74	5.3	6	6.6
470.29	0	68	6	6.6	5.8
405.32	0	63	6.6	5.8	5.8
368.45	0.06	66	5.8	5.8	5.2
334.89	0	66	5.8	5.2	5
302.01	0	68	5.2	5	5.3
273.31	0	73	5	5.3	4.9
266.50	0.35	76	5.3	4.9	5.1
265.35	0	78	4.9	5.1	4.7
464.09	0.26	75	5.1	4.7	4.7
953.15	1.04	77	4.7	4.7	3.3
770.95	0	76	4.7	3.3	3.5
567.95	0	80	3.3	3.5	3.8
444.08	0	80	3.5	3.8	3.8
456.35	0	84	3.8	3.8	3.7
397.99	0	77	3.8	3.7	3.6
369.84	0	82	3.7	3.6	3.4
1425.28	1.47	78	3.6	3.4	4.3
1717.90	0	72	3.4	4.3	4.5
1380.79	0	73	4.3	4.5	4.8
913.94	0	82	4.5	4.8	4
741.08	0.62	79	4.8	4	3.8
623.67	0	81	4	3.8	3.6
512.41	0	84	3.8	3.6	3.6
423.97	0	82	3.6	3.6	3.6
362.44	0	82	3.6	3.6	3.7
340.31	0	82	3.6	3.7	3.9
310.49	0	82	3.7	3.9	4.2
273.65	0	74	3.9	4.2	4
270.91	0.02	68	4.2	4	3.7
291.03	0.05	72	4	3.7	3.8
1188.29	1.44	71	3.7	3.8	3.6
2164.75	0	66	3.8	3.6	3.7
2408.17	0	71	3.6	3.7	3.9
2842.89	0.19	64	3.7	3.9	4
2759.22	0.21	63	3.9	4	3
2218.65	0.03	67	4	3	3.2
2305.63	0	67	3	3.2	3.4
2329.07	0	62	3.2	3.4	3.3
1277.72	0	59	3.4	3.3	3
796.50	0.22	70	3.3	3	3.2
712.71	0.2	74	3	3.2	3.2
884.81	0.2	66	3.2	3.2	3
2761.28	1.67	54	3.2	3	3.2
2860.12	0	58	3	3.2	3.4
2614.23	0	62	3.2	3.4	3
2052.68	0	62	3.4	3	3.2
1294.02	0	66	3	3.2	3.8
992.89	0.05	66	3.2	3.8	4.7
865.89	0	64	3.8	4.7	5.3
783.41	0	60	4.7	5.3	5.3
879.57	1.66	63	5.3	5.3	4.6
888.90	0.22	56	5.3	4.6	4.4
892.54	0	63	4.6	4.4	4.3
1332.33	0.87	60	4.4	4.3	4.5
2774.38	0.8	51	4.3	4.5	4.2
2921.27	0	57	4.5	4.2	3.5
2652.97	0	49	4.2	3.5	4.2
2531.12	0	51	3.5	4.2	3.8
1880.07	0	64	4.2	3.8	4.2
1267.93	0	52	3.8	4.2	4.3
1033.37	0	54	4.2	4.3	4.8
910.50	0	65	4.3	4.8	4.6
808.74	0	55	4.8	4.6	4.8
727.12	0	64	4.6	4.8	5
671.87	0	70	4.8	5	5.5
643.71	0	69	5	5.5	5.7
1717.63	1.33	54	5.5	5.7	5.8
3042.55	0	42	5.7	5.8	5.4
2816.17	0	49	5.8	5.4	4.1
2575.05	0	53	5.4	4.1	4.3
1984.73	0	50	4.1	4.3	4.2
1312.16	0	54	4.3	4.2	4.5
1053.12	0	62	4.2	4.5	4.2
1416.21	0.32	63	4.5	4.2	5.3
3248.84	0.69	61	4.2	5.3	5.5
4220.25	0	52	5.3	5.5	4.4
6479.15	0.03	56	5.5	4.4	4.3
6518.42	0.03	58	4.4	4.3	4
5642.19	0.74	48	4.3	4	3.8
4311.47	0	49	4	3.8	4
3571.62	0	56	3.8	4	3.9
3109.94	0	58	4	3.9	4.1
2532.10	0	59	3.9	4.1	5.9
1915.66	0	56	4.1	5.9	4.2
1486.62	0	43	5.9	4.2	4.8
1268.18	0	45	4.2	4.8	4.4
1118.95	0	43	4.8	4.4	4.6
997.34	0	36	4.4	4.6	3.8
904.58	0.02	32	4.6	3.8	4.2
824.29	0	35	3.8	4.2	5
765.81	0	40	4.2	5	4.4
735.89	0.11	49	5	4.4	4.7
715.66	0	52	4.4	4.7	6.2
696.31	0	44	4.7	6.2	5.3
643.59	0	31	6.2	5.3	6.3
596.31	0.01	27	5.3	6.3	6.6
563.68	0	42	6.3	6.6	5.3
538.86	0	45	6.6	5.3	4.6
520.37	0	47	5.3	4.6	3.8
508.47	0	46	4.6	3.8	4.3
504.54	0	51	3.8	4.3	5
524.52	0.28	58	4.3	5	5.2
1134.99	1.29	49	5	5.2	5.2
2444.93	0.22	43	5.2	5.2	4.8
2605.71	0	42	5.2	4.8	4.4
2756.86	0.55	41	4.8	4.4	5.2
3483.00	0.23	37	4.4	5.2	4.8
3464.85	0	46	5.2	4.8	4.9
3524.03	0	38	4.8	4.9	5.2
3171.14	0	42	4.9	5.2	5
2190.39	0	45	5.2	5	5.3
1521.76	0	49	5	5.3	5.1
1272.79	0	49	5.3	5.1	4.8
1182.09	0.34	41	5.1	4.8	6
2034.44	0.62	28	4.8	6	5.6
3040.22	0	25	6	5.6	5.8
3111.24	0.1	29	5.6	5.8	5.6
2935.62	0	26	5.8	5.6	6
2236.09	0	30	5.6	6	5.6
1550.84	0	36	6	5.6	4.5
2316.32	0.08	48	5.6	4.5	5.1
3475.80	0	42	4.5	5.1	5.7
3587.42	0.1	49	5.1	5.7	5.5
3564.82	0	38	5.7	5.5	5.5
3286.42	0	38	5.5	5.5	5.1
2767.01	0	37	5.5	5.1	5.5
2037.52	0	35	5.1	5.5	6.4
1568.62	0	46	5.5	6.4	5.2
1370.80	0	46	6.4	5.2	5.7
1198.42	0	29	5.2	5.7	6.1
1076.13	0	30	5.7	6.1	6.5
996.78	0	39	6.1	6.5	6.2
1006.37	0.11	40	6.5	6.2	6
1156.03	0.12	39	6.2	6	5.6
1291.77	0.43	41	6	5.6	5.3
1229.96	0.02	42	5.6	5.3	5.2
1129.65	0.08	38	5.3	5.2	5.7
1109.48	0	36	5.2	5.7	5.4
1102.58	0	35	5.7	5.4	5.3
1050.11	0	30	5.4	5.3	5
978.82	0	27	5.3	5	5.1
876.23	0	23	5	5.1	5
795.00	0	20	5.1	5	5.8
763.39	0.08	19	5	5.8	6
689.16	0.01	19	5.8	6	6.1
611.56	0	17	6	6.1	5.9
548.30	0	17	6.1	5.9	5.9
521.56	0	16	5.9	5.9	5.5
489.33	0	13	5.9	5.5	6.3
517.49	0	34	5.5	6.3	6.5
481.36	0.03	38	6.3	6.5	6.6
441.27	0	33	6.5	6.6	6.4
411.52	0	32	6.6	6.4	6.6
383.25	0	31	6.4	6.6	6.4
351.73	0	25	6.6	6.4	6.5
333.28	0	34	6.4	6.5	5.2
295.64	0	19	6.5	5.2	5
287.76	0	11	5.2	5	4.8
285.94	0	19	5	4.8	4.5
288.40	0	29	4.8	4.5	5.1
262.80	0.11	35	4.5	5.1	5.4
249.71	0	34	5.1	5.4	4.9
243.16	0	28	5.4	4.9	5.1
234.05	0.02	9	4.9	5.1	4.6
229.68	0	-7	5.1	4.6	5.1
217.60	0	-2	4.6	5.1	5.7
219.62	0.49	8	5.1	5.7	5.6
221.53	0	-9	5.7	5.6	5.7
221.08	0	-1	5.6	5.7	6
221.86	0.1	8	5.7	6	6.4
226.07	0	8	6	6.4	5.2
232.62	0	28	6.4	5.2	6.2
245.71	0	34	5.2	6.2	6
303.32	0	38	6.2	6	5.7
578.57	0.07	40	6	5.7	4.9
1463.38	0.04	34	5.7	4.9	4.5
1569.31	0.21	38	4.9	4.5	5.5
3143.85	0.1	39	4.5	5.5	4.8
3202.15	0.01	29	5.5	4.8	3.2
2500.86	0.07	29	4.8	3.2	3.5
1661.54	0.02	13	3.2	3.5	3.6
826.85	0	11	3.5	3.6	3.8
604.15	0	24	3.6	3.8	4
470.17	0	19	3.8	4	3.9
404.45	0	26	4	3.9	4.1
343.11	0	27	3.9	4.1	4
309.93	0	34	4.1	4	5.1
283.53	0	24	4	5.1	5.5
261.55	0	21	5.1	5.5	5.4
249.05	0	16	5.5	5.4	5.2
227.69	0	17	5.4	5.2	5
212.87	0	23	5.2	5	4.8
202.54	0	27	5	4.8	4.2
194.99	0	29	4.8	4.2	4.9
194.66	0	39	4.2	4.9	4.6
248.63	0	41	4.9	4.6	4.4
507.34	0	37	4.6	4.4	4.1
870.99	0	49	4.4	4.1	4
867.61	0	51	4.1	4	3.8
917.42	0	56	4	3.8	4.1
1128.31	0.07	50	3.8	4.1	3.3
1263.75	0	36	4.1	3.3	4.3
1110.12	0	33	3.3	4.3	4.3
826.59	0.59	28	4.3	4.3	4.7
599.92	0.05	18	4.3	4.7	4.8
462.38	0.05	21	4.7	4.8	4.7
313.69	0.08	14	4.8	4.7	4.4
283.53	0	14	4.7	4.4	4.3
268.85	0	26	4.4	4.3	4.7
252.90	0.33	32	4.3	4.7	4.8
235.33	0	29	4.7	4.8	4.5
260.42	0	35	4.8	4.5	4.4
403.63	0	44	4.5	4.4	4.5
1266.30	0	43	4.4	4.5	4.6
1913.54	0	54	4.5	4.6	4
2600.51	0.04	48	4.6	4	4.6
3318.90	0	33	4	4.6	4.5
3236.30	0	34	4.6	4.5	5.1
2698.89	0	36	4.5	5.1	5.9
1767.41	0	35	5.1	5.9	6.1
1272.23	0	47	5.9	6.1	6
1107.93	0.04	46	6.1	6	5.8
1014.58	0	43	6	5.8	5.5
942.09	0	46	5.8	5.5	6.3
814.84	0	33	5.5	6.3	5.5
702.81	0	36	6.3	5.5	5.7
660.95	0	50	5.5	5.7	6.3
597.65	0	41	5.7	6.3	6.4
546.22	0	54	6.3	6.4	6.2
513.58	0	52	6.4	6.2	4.9
487.27	0	54	6.2	4.9	5
457.49	0	61	4.9	5	4.5
436.48	0	53	5	4.5	5.2
399.94	0	39	4.5	5.2	5.1
376.65	0	42	5.2	5.1	5.3
413.89	0.77	44	5.1	5.3	5.5
471.22	0	40	5.3	5.5	5.4
498.47	0	38	5.5	5.4	5.3
446.08	0	38	5.4	5.3	4.3
405.72	0	41	5.3	4.3	4.5
385.94	0	53	4.3	4.5	4.5
373.35	0	58	4.5	4.5	4.7
392.05	0.59	43	4.5	4.7	4
403.72	0	46	4.7	4	4.3
426.22	0	46	4	4.3	4.2
426.13	0.42	33	4.3	4.2	4
413.04	0.08	35	4.2	4	4.2
470.15	0	50	4	4.2	4.2
548.67	0	55	4.2	4.2	4
1035.14	0.08	46	4.2	4	4.5
2881.17	0.07	46	4	4.5	4
13308.82	0.99	53	4.5	4	4.7
19750.03	0.07	49	4	4.7	3.9
19949.02	0.02	62	4.7	3.9	5.2
11526.61	0.55	63	3.9	5.2	4.3
5721.61	0	56	5.2	4.3	3.7
4033.71	0	57	4.3	3.7	3
3320.13	0	68	3.7	3	5
2690.60	0	66	3	5	6.2
2147.83	0	56	5	6.2	6.2
1580.87	0.28	52	6.2	6.2	5.8
1328.60	0.43	50	6.2	5.8	6
1157.25	0	53	5.8	6	6.5
1033.51	0	66	6	6.5	6.4
932.78	0	72	6.5	6.4	6.3
864.55	0.8	75	6.4	6.3	6
3070.27	0	65	6.3	6	5.7
3158.46	0.5	55	6	5.7	6.7
3366.50	0.89	54	5.7	6.7	6.5
2844.25	0.11	45	6.7	6.5	6
3182.67	0.5	44	6.5	6	7.1
2716.79	0	49	6	7.1	7.7
2281.10	0	58	7.1	7.7	8
1736.91	0	55	7.7	8	9.2
1413.73	0	59	8	9.2	8.3
1255.82	0.05	57	9.2	8.3	8.8
2637.32	1.16	50	8.3	8.8	7.8
3478.58	0	53	8.8	7.8	7.5
2834.20	0	61	7.8	7.5	7.8
2271.47	0	60	7.5	7.8	8.2
1640.80	0	68	7.8	8.2	8.6
1425.38	0.06	60	8.2	8.6	8
1227.64	0	62	8.6	8	9.2
1079.57	0	62	8	9.2	9.4
1006.78	0.32	69	9.2	9.4	9.1
918.84	0	61	9.4	9.1	7
824.83	0	58	9.1	7	7.3
756.49	0	58	7	7.3	8.5
695.46	0	60	7.3	8.5	6.3
650.24	0	65	8.5	6.3	7.4
618.80	0	67	6.3	7.4	7.6
571.85	0	71	7.4	7.6	7.4
541.79	0	73	7.6	7.4	7.5
519.09	0	74	7.4	7.5	7.3
587.68	1.37	64	7.5	7.3	7.6
586.21	0.01	63	7.3	7.6	6.7
533.07	0	54	7.6	6.7	6.2
483.35	0	61	6.7	6.2	7.6
450.01	0	69	6.2	7.6	7.1
427.29	0	73	7.6	7.1	7
409.62	0	75	7.1	7	7.4
388.87	0	68	7	7.4	6.5
365.90	0.67	60	7.4	6.5	6
343.27	0.15	64	6.5	6	5.2
321.93	0	66	6	5.2	5.5
311.35	0	74	5.2	5.5	6
314.88	0	79	5.5	6	6.2
307.20	0	79	6	6.2	5.3
320.42	0	68	6.2	5.3	5.1
408.03	1.04	65	5.3	5.1	5.1
397.37	0	69	5.1	5.1	5.2
362.21	0	70	5.1	5.2	5.3
355.41	0	75	5.2	5.3	5.7
491.32	0.74	77	5.3	5.7	5.1
460.03	0.02	82	5.7	5.1	5.5
402.36	0	83	5.1	5.5	6.3
371.87	0	81	5.5	6.3	7
341.40	0	82	6.3	7	7.2
314.28	0	84	7	7.2	5.2
294.78	0	85	7.2	5.2	5.3
268.07	0	83	5.2	5.3	4.8
226.27	0	82	5.3	4.8	4.8
221.79	0	81	4.8	4.8	4.4
209.60	0	81	4.8	4.4	4.1
212.76	0.9	69	4.4	4.1	3.8
209.61	0.13	70	4.1	3.8	3.6
197.76	0.02	71	3.8	3.6	3.7
186.09	0.24	71	3.6	3.7	2.9
168.15	0	77	3.7	2.9	3.7
155.17	0	72	2.9	3.7	3.3
141.99	0	72	3.7	3.3	3
131.05	0	76	3.3	3	2.9
136.58	0	78	3	2.9	3.3
133.77	0.52	75	2.9	3.3	3.1
119.35	0	82	3.3	3.1	2.5
113.57	0	85	3.1	2.5	2.6
111.50	0	84	2.5	2.6	2.5
204.39	0.25	80	2.6	2.5	2.4
641.85	0.47	76	2.5	2.4	2.3
410.63	0	70	2.4	2.3	2
263.86	0	69	2.3	2	2.2
196.98	0	71	2	2.2	2.3
160.42	0	76	2.2	2.3	2.3
135.02	0	77	2.3	2.3	2.4
126.64	0.01	78	2.3	2.4	3.4
112.61	0	71	2.4	3.4	2.3
95.43	0	74	3.4	2.3	1.9
90.82	0	77	2.3	1.9	2.2
81.36	0	76	1.9	2.2	2.3
74.73	0.05	78	2.2	2.3	2
70.56	0.84	83	2.3	2	1.8
86.27	0.33	76	2	1.8	2
86.87	0.01	76	1.8	2	1.7
72.09	0	74	2	1.7	1.9
68.35	0	75	1.7	1.9	1.3
58.52	0	75	1.9	1.3	0.8
53.04	0	70	1.3	0.8	1
46.34	0	65	0.8	1	1
43.60	0	66	1	1	1.1
39.64	0	69	1	1.1	1
35.71	0	70	1.1	1	1
33.09	0	74	1	1	1.1
34.34	0	76	1	1.1	1.2
34.29	0.7	76	1.1	1.2	0.8
32.98	0	74	1.2	0.8	0.7
43.46	0	72	0.8	0.7	0.5
69.64	0.58	61	0.7	0.5	0.5
63.10	0	63	0.5	0.5	0.6
53.93	0	69	0.5	0.6	0.3
45.94	0	76	0.6	0.3	0.7
52.93	0	74	0.3	0.7	0.5
53.39	0	70	0.7	0.5	0.5
61.12	0	74	0.5	0.5	0.4
42.79	0	75	0.5	0.4	0.4
34.94	0.81	81	0.4	0.4	0.5
31.01	0.08	68	0.4	0.5	0.8
72.90	0	64	0.5	0.8	0.7
99.09	0	69	0.8	0.7	0.7
75.52	0	71	0.7	0.7	0.7
53.27	0	75	0.7	0.7	0.6
41.48	0	77	0.7	0.6	0.5
37.55	0.13	71	0.6	0.5	0.5
32.32	0.33	68	0.5	0.5	0.5
31.01	0	68	0.5	0.5	0.7
28.39	0	71	0.5	0.7	0.5
29.70	0	76	0.7	0.5	0.6
28.39	0	80	0.5	0.6	0.7
27.08	0	76	0.6	0.7	0.7
23.15	0.58	77	0.7	0.7	0.6
24.46	0	77	0.7	0.6	0.5
25.77	0.31	67	0.6	0.5	0.4
32.32	0.05	66	0.5	0.4	0.6
74.21	1.43	67	0.4	0.6	0.4
54.57	0	60	0.6	0.4	0.5
31.01	0	61	0.4	0.5	0.6
24.46	0	63	0.5	0.6	0.7
23.15	0	60	0.6	0.7	0.5
29.70	0.71	66	0.7	0.5	0.6
27.08	0.01	71	0.5	0.6	0.6
28.36	0	65	0.6	0.6	0.6
25.71	0	66	0.6	0.6	0.4
23.09	0	71	0.6	0.4	0.4
24.40	0	73	0.4	0.4	0.4
23.09	0	72	0.4	0.4	0.4
20.47	0	74	0.4	0.4	0.5
19.16	0	77	0.4	0.5	0.4
19.16	0	79	0.5	0.4	0.4
17.85	0	78	0.4	0.4	0.4
16.54	0	78	0.4	0.4	0.5
13.40	0	67	0.4	0.5	0.5
12.75	0	65	0.5	0.5	0.4
13.79	0	66	0.5	0.4	0.4
13.93	0	69	0.4	0.4	0.4
13.93	0	70	0.4	0.4	0.4
13.27	0.01	60	0.4	0.4	0.4
17.85	1.07	56	0.4	0.4	0.5
15.23	0	58	0.4	0.5	0.4
15.23	0.05	56	0.5	0.4	0.4
21.78	0.52	57	0.4	0.4	0.5
32.26	0.01	53	0.4	0.5	0.6
38.20	0	59	0.5	0.6	0.3
31.66	0	56	0.6	0.3	0.5
23.80	0	71	0.3	0.5	0.5
19.87	0	78	0.5	0.5	0.5
17.25	0	63	0.5	0.5	0.5
18.56	0	62	0.5	0.5	0.5
18.56	0	60	0.5	0.5	0.4
17.25	0	59	0.5	0.4	0.7
15.94	0	60	0.4	0.7	0.5
17.25	0	70	0.7	0.5	0.4
26.42	0	63	0.5	0.4	0.4
21.18	1.07	51	0.4	0.4	0.5
21.18	0	50	0.4	0.5	0.5
22.49	0	52	0.5	0.5	0.5
36.89	0	56	0.5	0.5	0.4
34.38	0	60	0.5	0.4	0.7
26.60	0	60	0.4	0.7	0.5
21.38	0	63	0.7	0.5	0.5
20.12	0	66	0.5	0.5	0.6
20.15	0	66	0.5	0.6	0.5
20.21	0	62	0.6	0.5	0.7
19.04	0.72	67	0.5	0.7	0.7
18.07	0	59	0.7	0.7	0.8
19.92	0	58	0.7	0.8	0.8
18.69	0	64	0.8	0.8	0.4
15.61	0	52	0.8	0.4	0.5
17.86	0	52	0.4	0.5	0.4
18.29	0.31	39	0.5	0.4	0.4
18.91	0	41	0.4	0.4	0.4
19.03	0	45	0.4	0.4	0.7
17.72	0	52	0.4	0.7	0.7
17.07	0	58	0.7	0.7	0.6
18.64	0	54	0.7	0.6	0.6
28.05	0.13	45	0.6	0.6	0.7
27.90	0.65	43	0.6	0.7	0.6
26.27	0	52	0.7	0.6	0.6
29.59	0	64	0.6	0.6	0.7
54.78	0.43	59	0.6	0.7	0.6
75.76	0.68	60	0.7	0.6	0.5
154.60	0.98	51	0.6	0.5	0.5
316.61	0	50	0.5	0.5	0.6
370.49	0	56	0.5	0.6	0.6
284.10	0.71	53	0.6	0.6	0.6
260.75	0.15	45	0.6	0.6	0.7
242.63	0	46	0.6	0.7	1
221.54	0	49	0.7	1	1.6
195.74	0	59	1	1.6	0.9
185.52	0.35	56	1.6	0.9	1
184.17	0	46	0.9	1	0.8
186.08	0	44	1	0.8	2.3
187.88	0	44	0.8	2.3	2.2
166.36	0	52	2.3	2.2	2.2
144.73	0	42	2.2	2.2	2
133.75	0.19	52	2.2	2	2.8
166.10	0.73	51	2	2.8	2.4
208.65	0	35	2.8	2.4	2.4
234.17	0	36	2.4	2.4	2.5
218.45	0	40	2.4	2.5	2.2
187.63	0	42	2.5	2.2	2.7
163.49	0	39	2.2	2.7	2.6
163.06	0.06	51	2.7	2.6	3
220.26	0.35	41	2.6	3	3.3
299.32	0	36	3	3.3	2.9
387.37	0	33	3.3	2.9	2.6
295.79	0	43	2.9	2.6	3
237.59	0	47	2.6	3	2.9
206.53	0	49	3	2.9	2.5
187.53	0	55	2.9	2.5	2.6
173.66	0	48	2.5	2.6	3.4
166.85	0.03	38	2.6	3.4	3.2
345.00	0.8	39	3.4	3.2	3.6
1113.09	0.01	33	3.2	3.6	3.6
1412.16	0.2	35	3.6	3.6	3.8
1386.82	0	31	3.6	3.8	3.7
1023.75	0	20	3.8	3.7	3.8
747.83	0	25	3.7	3.8	5.4
577.42	0	24	3.8	5.4	5.2
472.62	0	29	5.4	5.2	5.8
406.69	0	38	5.2	5.8	5.8
381.78	0	37	5.8	5.8	6
536.46	0.76	39	5.8	6	5.1
664.66	0	29	6	5.1	5.4
641.40	0	32	5.1	5.4	5.7
536.12	0.09	41	5.4	5.7	4.8
466.55	0	42	5.7	4.8	5.1
417.61	0	46	4.8	5.1	4.6
378.55	0	39	5.1	4.6	4.8
349.34	0	34	4.6	4.8	4.8
325.12	0	36	4.8	4.8	4.4
301.58	0	36	4.8	4.4	4.6
283.16	0	41	4.4	4.6	5.1
273.85	0	39	4.6	5.1	5.2
261.54	0	35	5.1	5.2	5.5
245.61	0	35	5.2	5.5	5.3
232.21	0	35	5.5	5.3	5.5
231.15	0.04	27	5.3	5.5	5.4
201.72	0	18	5.5	5.4	4.2
182.19	0	17	5.4	4.2	4.2
156.01	0	7	4.2	4.2	4.3
150.77	0	11	4.2	4.3	4.2
148.15	0.31	24	4.3	4.2	4.4
150.77	0.07	22	4.2	4.4	4.5
156.01	0	18	4.4	4.5	4.6
176.96	0.04	15	4.5	4.6	4.3
158.63	0	25	4.6	4.3	4.9
161.25	0	36	4.3	4.9	4.4
198.86	0	45	4.9	4.4	5
565.76	0.28	47	4.4	5	4
2589.08	1.46	37	5	4	4.2
3759.25	0	33	4	4.2	4.5
3833.76	0	31	4.2	4.5	5.3
3715.48	0	38	4.5	5.3	5.6
3217.41	0	37	5.3	5.6	6
2675.35	0.62	40	5.6	6	6.3
3134.87	0.06	30	6	6.3	5.8
3144.67	0	19	6.3	5.8	5.7
3140.76	0	20	5.8	5.7	6.2
2832.74	0.03	21	5.7	6.2	5.7
1573.52	0	19	6.2	5.7	5.5
974.75	0	24	5.7	5.5	8.8
797.84	0	23	5.5	8.8	7.4
731.97	0	32	8.8	7.4	7.2
678.77	0.06	31	7.4	7.2	7.5
601.14	0.05	21	7.2	7.5	7.5
526.19	0	25	7.5	7.5	6.7
495.37	0	36	7.5	6.7	7
507.11	0	39	6.7	7	6.1
507.39	0	38	7	6.1	6.3
479.56	0.08	32	6.1	6.3	6.1
448.42	0.13	22	6.3	6.1	6.5
389.73	0	12	6.1	6.5	6.3
319.94	0	11	6.5	6.3	6.5
298.99	0.01	18	6.3	6.5	6.4
285.90	0.01	9	6.5	6.4	5.5
272.81	0	25	6.4	5.5	5.7
266.26	0	33	5.5	5.7	5.8
259.72	0	16	5.7	5.8	5.6
255.79	0	10	5.8	5.6	5.8
249.24	0	22	5.6	5.8	5.9
247.93	0	24	5.8	5.9	5.2
246.62	0.03	33	5.9	5.2	5.5
241.29	0	23	5.2	5.5	5.4
236.27	0	32	5.5	5.4	5.5
237.58	0	41	5.4	5.5	5.5
237.69	0	43	5.5	5.5	5.6
233.29	0	45	5.5	5.6	4.5
232.28	0	32	5.6	4.5	4.7
218.22	0	47	4.5	4.7	4.3
215.06	0	45	4.7	4.3	4.5
204.06	0	33	4.3	4.5	5.4
194.31	0	47	4.5	5.4	4.1
194.11	0	47	5.4	4.1	4.4
195.42	0.08	45	4.1	4.4	4.1
195.28	0	33	4.4	4.1	4.2
169.71	0	23	4.1	4.2	3.3
154.92	0	23	4.2	3.3	3.5
153.26	0	25	3.3	3.5	3.8
150.98	0	32	3.5	3.8	3.7
170.62	0.41	40	3.8	3.7	3.8
182.40	0	37	3.7	3.8	3.8
1248.23	1.8	35	3.8	3.8	4
3216.04	0.16	21	3.8	4	4.2
3312.72	0	24	4	4.2	5.4
2975.40	0	42	4.2	5.4	6.2
2423.06	0	51	5.4	6.2	6.4
1687.90	0	57	6.2	6.4	6.6
1330.21	0	60	6.4	6.6	7.2
1113.37	0	63	6.6	7.2	7.5
954.83	0	61	7.2	7.5	7.2
848.72	0	60	7.5	7.2	7.3
759.32	0	60	7.2	7.3	5.9
681.68	0	59	7.3	5.9	5.8
632.67	0	56	5.9	5.8	5.8
616.08	0.25	56	5.8	5.8	5.9
579.68	0	44	5.8	5.9	6.1
535.60	0	49	5.9	6.1	5.8
505.72	0.01	47	6.1	5.8	5.9
518.11	0	43	5.8	5.9	5.8
539.91	0	50	5.9	5.8	6
503.97	0.25	53	5.8	6	5.5
513.33	0.5	50	6	5.5	5.4
615.90	0	44	5.5	5.4	5.4
706.66	0	40	5.4	5.4	5.6
617.86	0	41	5.4	5.6	5.5
550.77	0	38	5.6	5.5	5.1
505.21	0	38	5.5	5.1	5
473.04	0	46	5.1	5	5.1
445.62	0	57	5	5.1	5.2
415.52	0	39	5.1	5.2	5
386.85	0	38	5.2	5	5.2
375.00	0	56	5	5.2	5.1
372.06	0.23	60	5.2	5.1	5
370.47	0.02	64	5.1	5	5
400.97	0.11	56	5	5	5.2
475.39	0.01	49	5	5.2	5.4
1005.23	0	53	5.2	5.4	5.3
1363.24	0.52	45	5.4	5.3	5.5
1705.54	0	50	5.3	5.5	5.1
1812.22	0	53	5.5	5.1	5
1510.02	0	58	5.1	5	6.4
1038.42	0	61	5	6.4	7.5
897.02	1.21	65	6.4	7.5	7.4
1317.68	0.52	72	7.5	7.4	6.9
2198.23	0	53	7.4	6.9	6.6
2136.08	0.5	53	6.9	6.6	6.9
2077.92	0.01	56	6.6	6.9	6.7
1699.48	0	51	6.9	6.7	6.6
1358.47	0	47	6.7	6.6	7.2
1146.93	0.15	49	6.6	7.2	7.5
995.92	0.08	49	7.2	7.5	7.2
868.15	0	60	7.5	7.2	7.2
798.58	0.28	53	7.2	7.2	7.4
737.66	0	49	7.2	7.4	6.7
680.12	0	51	7.4	6.7	6.8
657.86	0.3	50	6.7	6.8	6.8
638.38	0	47	6.8	6.8	6.4
614.88	0.04	50	6.8	6.4	6.3
576.71	0	51	6.4	6.3	6.6
540.52	0.07	51	6.3	6.6	6.7
510.79	0.04	58	6.6	6.7	6
485.56	0	60	6.7	6	5.8
465.51	0	65	6	5.8	5.7
473.87	0.18	68	5.8	5.7	6.8
1645.40	1.65	67	5.7	6.8	6.8
2643.72	0.31	62	6.8	6.8	6.4
2930.45	0.04	55	6.8	6.4	7.8
2962.33	0	61	6.4	7.8	8
3584.28	0.62	63	7.8	8	8.2
4580.71	0	66	8	8.2	7.5
3359.35	0	61	8.2	7.5	6
3108.50	0.44	67	7.5	6	6.6
11956.23	1.57	65	6	6.6	5.3
10097.66	0.56	51	6.6	5.3	6.2
9232.68	1.06	58	5.3	6.2	6.4
6405.96	0	61	6.2	6.4	4.5
5497.63	0.03	63	6.4	4.5	4.7
4718.54	0	64	4.5	4.7	6.8
3675.61	0	72	4.7	6.8	7.1
5071.60	1.6	64	6.8	7.1	6.8
6496.19	0.43	56	7.1	6.8	6.4
5740.37	0	60	6.8	6.4	6.8
6732.56	0.03	67	6.4	6.8	6.3
6302.47	1.03	68	6.8	6.3	5.4
4745.18	0	60	6.3	5.4	5.2
3529.38	0	65	5.4	5.2	5.3
2940.59	0	69	5.2	5.3	7.5
2220.01	0	71	5.3	7.5	7.1
1660.82	0.01	70	7.5	7.1	6.6
1416.66	0.06	69	7.1	6.6	6.8
1245.20	0	71	6.6	6.8	7.5
1104.67	0	73	6.8	7.5	7.7
1014.40	0	73	7.5	7.7	8
987.62	0.2	77	7.7	8	8.1
906.42	0	70	8	8.1	8.2
811.41	0.23	70	8.1	8.2	7.8
1417.88	0.18	73	8.2	7.8	8
2348.66	0	66	7.8	8	9
2215.12	0	62	8	9	8.7
1691.44	0	65	9	8.7	8.5
1114.01	0	72	8.7	8.5	6.7
903.32	0	73	8.5	6.7	7.8
781.96	0	75	6.7	7.8	7.5
698.60	0	76	7.8	7.5	7.7
642.54	0	77	7.5	7.7	7.4
600.14	0	78	7.7	7.4	8
571.80	0	81	7.4	8	8.1
647.57	0.38	77	8	8.1	7.4
609.18	0	77	8.1	7.4	7.6
591.11	0.54	76	7.4	7.6	7.5
1145.34	0.01	76	7.6	7.5	7
1262.18	0	77	7.5	7	6.7
989.45	0.24	76	7	6.7	6.5
745.86	0.02	73	6.7	6.5	7.3
619.41	0.15	74	6.5	7.3	6.7
661.44	0	73	7.3	6.7	6.6
777.56	0	71	6.7	6.6	7.7
701.45	0	65	6.6	7.7	7.8
535.19	0	65	7.7	7.8	8
454.31	0	69	7.8	8	7.2
417.99	0	76	8	7.2	6.7
402.56	0.55	75	7.2	6.7	6.9
380.06	0.1	73	6.7	6.9	7.1
339.66	0	69	6.9	7.1	7.2
295.17	0	72	7.1	7.2	7.4
273.96	0	78	7.2	7.4	7.4
260.03	0	76	7.4	7.4	7.1
247.37	0	79	7.4	7.1	5.6
237.14	0	85	7.1	5.6	5.6
221.52	0	90	5.6	5.6	5.5
209.46	0	89	5.6	5.5	5.4
192.38	0	85	5.5	5.4	5.4
176.22	0	84	5.4	5.4	5.2
160.80	0	79	5.4	5.2	4.9
150.65	0.02	74	5.2	4.9	5
137.91	0	74	4.9	5	3.4
122.27	0	72	5	3.4	2.7
119.48	0.15	76	3.4	2.7	3
115.55	0	73	2.7	3	2.6
117.86	0.24	79	3	2.6	2.5
110.51	0.42	78	2.6	2.5	2.3
106.23	0.11	78	2.5	2.3	2.5
99.92	0.03	77	2.3	2.5	1.7
96.90	0	82	2.5	1.7	1.6
94.09	0.02	82	1.7	1.6	1.7
88.93	0	80	1.6	1.7	1.6
87.69	0	82	1.7	1.6	1.6
79.64	0	84	1.6	1.6	1.3
71.78	0	82	1.6	1.3	1.6
71.54	0	81	1.3	1.6	0.8
71.32	0.11	79	1.6	0.8	1
76.56	0.05	75	0.8	1	0.8
113.22	0.56	78	1	0.8	0.9
204.87	0	77	0.8	0.9	0.8
356.60	0.61	80	0.9	0.8	0.6
556.33	0	78	0.8	0.6	0.7
698.04	0	81	0.6	0.7	0.5
702.68	0.28	78	0.7	0.5	0.6
672.02	0	82	0.5	0.6	0.4
447.58	0	85	0.6	0.4	0.5
277.02	0	86	0.4	0.5	1.1
189.41	0	86	0.5	1.1	1.8
139.88	0	85	1.1	1.8	2.1
108.38	0	85	1.8	2.1	1.7
100.94	0.07	84	2.1	1.7	1.5
93.31	0	84	1.7	1.5	1.2
189.38	0	84	1.5	1.2	1.3
292.70	0	81	1.2	1.3	1.3
245.92	0	77	1.3	1.3	1.2
230.80	0	75	1.3	1.2	1.4
154.16	0	76	1.2	1.4	1.5
110.95	0	75	1.4	1.5	1
87.38	0	78	1.5	1	0.9
70.36	0	79	1	0.9	0.6
61.20	0	80	0.9	0.6	0.5
54.65	0	81	0.6	0.5	0.5
50.72	0	82	0.5	0.5	0.6
45.49	0	81	0.5	0.6	0.6
40.25	0	83	0.6	0.6	0.6
37.63	0	75	0.6	0.6	0.7
32.39	0	68	0.6	0.7	0.7
29.78	0	70	0.7	0.7	0.5
28.47	0	76	0.7	0.5	0.6
27.16	0	75	0.5	0.6	0.6
25.85	0	78	0.6	0.6	0.6
32.39	0.05	74	0.6	0.6	0.4
28.47	0.3	62	0.6	0.4	0.5
24.54	0.32	65	0.4	0.5	0.7
25.85	0	61	0.5	0.7	0.6
25.85	0	64	0.7	0.6	0.5
25.69	0	72	0.6	0.5	0.4
24.18	0	73	0.5	0.4	0.6
21.57	0.09	71	0.4	0.6	0.4
17.64	0	71	0.6	0.4	0.6
17.64	0	71	0.4	0.6	0.6
16.33	0.01	66	0.6	0.6	0.5
16.33	0	61	0.6	0.5	0.6
16.33	0	65	0.5	0.6	0.6
16.33	0.14	58	0.6	0.6	0.7
17.64	0	50	0.6	0.7	0.6
17.64	0.27	46	0.7	0.6	0.7
15.02	0	47	0.6	0.7	0.7
13.45	0	50	0.7	0.7	0.7
15.02	0	58	0.7	0.7	0.6
15.02	0	59	0.7	0.6	0.7
16.33	0	64	0.6	0.7	0.6
18.95	0	66	0.7	0.6	0.6
16.33	0	69	0.6	0.6	0.4
13.45	0	75	0.6	0.4	0.5
13.71	0.03	67	0.4	0.5	0.5
13.19	0	65	0.5	0.5	0.5
16.33	0.55	64	0.5	0.5	0.6
13.71	0	60	0.5	0.6	0.5
13.71	0	60	0.6	0.5	0.5
18.95	0.32	59	0.5	0.5	0.6
15.02	0	53	0.5	0.6	0.5
15.02	0	50	0.6	0.5	0.5
13.71	0	63	0.5	0.5	0.5
13.71	0	59	0.5	0.5	0.5
16.33	0	65	0.5	0.5	0.6
15.02	0	70	0.5	0.6	0.4
13.71	0	70	0.6	0.4	0.4
32.04	0.14	56	0.4	0.4	0.4
30.73	0	49	0.4	0.4	0.4
25.49	0	49	0.4	0.4	0.5
18.95	0	63	0.4	0.5	0.4
15.02	0	69	0.5	0.4	0.4
10.83	0	69	0.4	0.4	0.4
18.95	0.93	57	0.4	0.4	0.4
24.18	0.12	41	0.4	0.4	0.6
18.95	0	54	0.4	0.6	0.7
15.02	0	61	0.6	0.7	0.5
13.71	0.12	48	0.7	0.5	0.5
21.57	0	47	0.5	0.5	0.5
25.49	0	55	0.5	0.5	0.5
33.35	0.62	54	0.5	0.5	0.4
28.11	0	49	0.5	0.4	0.6
29.42	0	47	0.4	0.6	0.6
55.61	0	51	0.6	0.6	0.7
54.30	0.74	52	0.6	0.7	0.7
47.75	0	57	0.7	0.7	0.5
85.72	0.53	48	0.7	0.5	0.6
228.43	0.2	31	0.5	0.6	0.6
443.40	0	26	0.6	0.6	0.7
357.09	0	25	0.6	0.7	0.7
244.50	0	37	0.7	0.7	0.7
192.13	0.38	42	0.7	0.7	0.6
159.39	0	28	0.7	0.6	0.7
146.39	0	38	0.6	0.7	0.6
128.06	0	47	0.7	0.6	0.8
135.91	1.47	37	0.6	0.8	0.8
283.37	0	26	0.8	0.8	2.2
626.27	0	31	0.8	2.2	1.7
517.60	0	29	2.2	1.7	1.9
391.91	0	28	1.7	1.9	2.1
323.83	0	38	1.9	2.1	3.5
287.17	0	45	2.1	3.5	4.1
264.91	0	42	3.5	4.1	4.4
295.03	0	42	4.1	4.4	4
315.97	0	43	4.4	4	4
283.24	0	36	4	4	4.8
249.09	0	30	4	4.8	5.8
217.13	0	34	4.8	5.8	5
192.57	0	26	5.8	5	5.1
171.29	0	41	5	5.1	4.9
150.34	0	48	5.1	4.9	4.8
145.10	0	49	4.9	4.8	4.5
144.84	0	30	4.8	4.5	4.2
144.64	0	28	4.5	4.2	4.9
128.93	0	41	4.2	4.9	5
109.29	0	48	4.9	5	4.9
105.36	0	49	5	4.9	5.1
107.98	0	46	4.9	5.1	5
101.43	0	36	5.1	5	4.8
97.50	0	38	5	4.8	4.8
90.96	0	28	4.8	4.8	3.1
82.89	0.07	23	4.8	3.1	4.6
80.10	0.03	24	3.1	4.6	3.5
60.46	0.12	12	4.6	3.5	4.3
56.53	0	9	3.5	4.3	4.2
55.22	0	18	4.3	4.2	4
53.91	0	24	4.2	4	3.6
56.53	0	34	4	3.6	3.5
62.77	0.01	47	3.6	3.5	3.8
69.05	0	40	3.5	3.8	3.8
77.46	0	38	3.8	3.8	3.6
84.03	0	33	3.8	3.6	3.5
86.65	0.68	33	3.6	3.5	3.3
85.97	0.75	31	3.5	3.3	2.9
77.81	0.1	22	3.3	2.9	3
71.45	0	17	2.9	3	3
68.49	0	23	3	3	3.1
65.87	0.01	22	3	3.1	3.3
64.56	0	25	3.1	3.3	3
64.56	0	27	3.3	3	3.5
67.18	0	23	3	3.5	3.8
68.49	0	24	3.5	3.8	4
69.80	0	21	3.8	4	3
72.42	0	24	4	3	3.2
75.04	0	26	3	3.2	3.1
77.66	0.01	34	3.2	3.1	3
78.97	0	35	3.1	3	3
85.51	0.01	29	3	3	3.1
80.28	0.28	18	3	3.1	1.7
75.04	0.04	17	3.1	1.7	2.8
68.49	0.28	15	1.7	2.8	3.2
65.87	0	12	2.8	3.2	3.3
61.95	0.05	16	3.2	3.3	3
59.33	0	9	3.3	3	2.8
58.02	0	27	3	2.8	3.1
55.40	0	24	2.8	3.1	3.1
54.09	0.15	28	3.1	3.1	3
54.09	0.07	29	3.1	3	2.8
56.71	0	34	3	2.8	3
59.33	0	45	2.8	3	3.2
64.56	0	33	3	3.2	2.8
69.80	0	32	3.2	2.8	3.1
85.51	0	49	2.8	3.1	2.9
365.50	0	39	3.1	2.9	3
1323.88	0.87	9	2.9	3	1.9
1554.95	0	17	3	1.9	2
1345.82	0.04	25	1.9	2	1.9
956.45	0	33	2	1.9	5.1
740.17	0.15	41	1.9	5.1	6.8
637.92	0.25	26	5.1	6.8	5.2
743.73	0	24	6.8	5.2	5.2
520.90	0	34	5.2	5.2	5
435.57	0.07	21	5.2	5	4.8
389.51	0	23	5	4.8	5
305.49	0	26	4.8	5	4.9
258.26	0	9	5	4.9	5.1
218.98	0.12	-4	4.9	5.1	4.8
192.80	0	8	5.1	4.8	4.8
166.61	0	2	4.8	4.8	4.3
140.43	0	-8	4.8	4.3	4.1
127.34	0	-4	4.3	4.1	4.3
118.11	0	15	4.1	4.3	4
120.62	0	25	4.3	4	3.9
133.60	0	38	4	3.9	4.1
140.04	0	49	3.9	4.1	6.8
166.12	0	42	4.1	6.8	3.6
179.12	0	52	6.8	3.6	3.2
210.39	0	34	3.6	3.2	3.5
189.24	0	30	3.2	3.5	3.2
165.47	0	32	3.5	3.2	3.8
148.27	0	37	3.2	3.8	3.9
134.99	0	28	3.8	3.9	3.2
128.26	0.12	21	3.9	3.2	3.8
122.77	0	27	3.2	3.8	3.6
118.52	0	24	3.8	3.6	3.7
116.92	0	39	3.6	3.7	3.9
128.41	0	48	3.7	3.9	3.5
137.30	0	41	3.9	3.5	3
130.47	0.01	42	3.5	3	2.8
123.71	0	58	3	2.8	2.6
121.83	0	47	2.8	2.6	2.5
125.28	0	59	2.6	2.5	2.6
132.27	0	64	2.5	2.6	2.5
158.93	1.06	49	2.6	2.5	2.2
200.98	0.08	24	2.5	2.2	2.8
234.91	0	19	2.2	2.8	3.1
223.05	0	31	2.8	3.1	3.9
195.58	0	29	3.1	3.9	4.1
198.22	0	18	3.9	4.1	3.6
167.83	0	33	4.1	3.6	3.2
193.96	0.56	44	3.6	3.2	3
272.58	0.51	29	3.2	3	2.8
295.38	0.02	17	3	2.8	4.4
245.48	0	11	2.8	4.4	6.1
219.30	0	20	4.4	6.1	4.1
286.07	0	31	6.1	4.1	4
252.77	0	39	4.1	4	4.3
210.50	0	44	4	4.3	4.8
193.52	0	50	4.3	4.8	3
184.19	0	56	4.8	3	4.4
177.07	0	48	3	4.4	4.2
169.21	0	45	4.4	4.2	3.8
168.46	0.01	45	4.2	3.8	3.9
172.41	0	42	3.8	3.9	3.8
173.38	0	38	3.9	3.8	3.6
175.78	0.1	33	3.8	3.6	3.3
167.27	0	34	3.6	3.3	3.7
162.67	0	35	3.3	3.7	3.6
170.11	0	37	3.7	3.6	3.6
176.66	0.08	50	3.6	3.6	3.2
200.88	0.34	41	3.6	3.2	3.3
208.52	0	25	3.2	3.3	3
207.24	0	32	3.3	3	3.7
186.39	0	42	3	3.7	4
180.98	0.02	46	3.7	4	4.3
177.64	0	51	4	4.3	3.8
214.90	0.42	45	4.3	3.8	3.6
602.14	0	42	3.8	3.6	3.4
786.98	0	49	3.6	3.4	3.8
754.75	0	59	3.4	3.8	4.7
622.85	0.01	48	3.8	4.7	6
490.96	0	38	4.7	6	7.2
389.59	0	39	6	7.2	6.8
338.55	0	39	7.2	6.8	6.6
309.89	0	39	6.8	6.6	6.4
282.54	0	39	6.6	6.4	6.8
256.86	0	49	6.4	6.8	7.2
239.21	0	61	6.8	7.2	6.8
236.33	0	70	7.2	6.8	6.3
230.63	0	55	6.8	6.3	6
215.50	0	46	6.3	6	5.8
206.30	0.13	49	6	5.8	5.1
200.09	0.11	46	5.8	5.1	5.5
187.93	0	56	5.1	5.5	5.5
178.97	0	62	5.5	5.5	5.3
185.04	0.47	65	5.5	5.3	5
287.30	0	62	5.3	5	4.4
267.05	0	55	5	4.4	4.6
454.02	1.04	62	4.4	4.6	5
802.72	0.23	50	4.6	5	5.4
938.40	0	56	5	5.4	5.4
796.42	0	62	5.4	5.4	6.1
654.69	0	51	5.4	6.1	7.7
524.19	0	50	6.1	7.7	7.2
450.26	0.5	52	7.7	7.2	7.8
1153.67	2.47	51	7.2	7.8	6.8
1423.71	0.01	50	7.8	6.8	6.7
1157.52	0.24	55	6.8	6.7	9.8
921.82	0	56	6.7	9.8	10.1
766.89	0	60	9.8	10.1	9.8
1215.53	1.72	59	10.1	9.8	10.2
1175.89	0.35	57	9.8	10.2	9.5
1006.55	0.04	55	10.2	9.5	6.1
1133.42	0.36	62	9.5	6.1	9.2
1877.50	0.4	66	6.1	9.2	10.5
3994.88	2.95	75	9.2	10.5	10
4712.36	0.52	70	10.5	10	7.7
7340.87	0.66	53	10	7.7	7.9
8324.60	0	51	7.7	7.9	9.7
6768.75	0.02	51	7.9	9.7	7.2
4296.96	0.14	51	9.7	7.2	6.2
3227.58	0.09	64	7.2	6.2	5.5
2584.09	0	75	6.2	5.5	8.6
2270.13	0	79	5.5	8.6	9.2
2074.89	0	81	8.6	9.2	8.9
1682.64	0	80	9.2	8.9	10.6
1350.11	0	79	8.9	10.6	11.3
1163.62	0.08	68	10.6	11.3	9.4
1033.79	0	69	11.3	9.4	11.1
942.49	0.24	71	9.4	11.1	10.7
923.16	0.08	68	11.1	10.7	12
1451.24	0.01	66	10.7	12	9.3
1698.04	0.45	64	12	9.3	9
4702.93	2.32	61	9.3	9	10.1
4726.65	0.05	66	9	10.1	8.2
3478.73	0	63	10.1	8.2	5.2
3437.94	0	60	8.2	5.2	7.2
3152.43	0	63	5.2	7.2	7.4
2447.76	0.14	60	7.2	7.4	8.9
3894.65	1.01	70	7.4	8.9	8.1
3635.94	0.22	62	8.9	8.1	10
3180.42	0.01	60	8.1	10	9
3023.97	0	64	10	9	10.1
2565.29	0.2	71	9	10.1	9.5
1788.23	0.15	66	10.1	9.5	8.8
1401.07	0	65	9.5	8.8	9.5
1274.95	0.03	62	8.8	9.5	11.2
2209.42	0.33	67	9.5	11.2	10.2
2018.52	0.23	68	11.2	10.2	7.9
1932.62	0.06	70	10.2	7.9	8.1
1603.62	0	76	7.9	8.1	7.9
1318.91	0	79	8.1	7.9	10
1133.12	0	79	7.9	10	10.2
990.72	0	80	10	10.2	10.2
960.41	0	82	10.2	10.2	10.8
999.04	0.25	76	10.2	10.8	10.6
1286.75	0	76	10.8	10.6	10.4
1332.18	0	77	10.6	10.4	12.3
948.13	0	79	10.4	12.3	10.8
773.48	0	82	12.3	10.8	10.3
717.68	0	81	10.8	10.3	9.6
709.59	0.03	77	10.3	9.6	9.8
624.04	0	68	9.6	9.8	9.2
506.10	0	76	9.8	9.2	9.1
437.81	0	75	9.2	9.1	10.3
398.50	0	78	9.1	10.3	9.4
367.99	0	82	10.3	9.4	8.6
341.55	0	84	9.4	8.6	9
316.85	0	80	8.6	9	9
295.12	0.02	78	9	9	8.5
270.49	0	69	9	8.5	8.8
245.11	0	67	8.5	8.8	8.6
224.41	0	71	8.8	8.6	9.2
206.80	0	77	8.6	9.2	9
195.00	0	82	9.2	9	7.6
190.68	0	75	9	7.6	7.8
186.45	0.01	68	7.6	7.8	7.4
180.44	0	65	7.8	7.4	6.9
163.60	0	70	7.4	6.9	7.3
150.15	0	73	6.9	7.3	7.6
141.48	0	79	7.3	7.6	6.4
137.79	0.01	70	7.6	6.4	6.6
136.95	0.81	72	6.4	6.6	6.4
130.18	0	79	6.6	6.4	5.8
126.36	0	80	6.4	5.8	5.8
111.00	0	85	5.8	5.8	5.8
97.98	0	84	5.8	5.8	4.8
93.11	0	72	5.8	4.8	5
92.42	0.67	70	4.8	5	5.1
255.60	0.53	68	5	5.1	4.8
701.32	0	73	5.1	4.8	5
406.44	0.11	71	4.8	5	4
328.28	0.22	69	5	4	3.8
245.70	0	69	4	3.8	2.8
200.87	0	72	3.8	2.8	3
160.23	0	75	2.8	3	3.5
135.74	0	75	3	3.5	4
128.40	0.25	73	3.5	4	4.3
123.45	0	69	4	4.3	3.7
201.95	0	68	4.3	3.7	3.9
183.31	0	71	3.7	3.9	3.9
129.62	0	74	3.9	3.9	3.7
104.74	0	75	3.9	3.7	3.8
91.65	0	82	3.7	3.8	3.8
81.17	0	84	3.8	3.8	3.5
73.32	0	85	3.8	3.5	3.4
66.77	0	76	3.5	3.4	2.8
60.23	0	70	3.4	2.8	2.9
53.68	0	71	2.8	2.9	2.2
49.75	0	74	2.9	2.2	1.8
45.82	0	72	2.2	1.8	1.7
43.21	0	72	1.8	1.7	2.3
41.90	0	75	1.7	2.3	1.8
40.59	0	76	2.3	1.8	1.4
37.97	0	71	1.8	1.4	1.4
39.28	0.48	71	1.4	1.4	1.3
52.37	1.1	75	1.4	1.3	1.4
124.41	0	79	1.3	1.4	1.4
167.91	0	81	1.4	1.4	1
114.15	0	81	1.4	1	1.1
78.80	0	82	1	1.1	1.2
84.04	0	79	1.1	1.2	1.1
85.35	0.06	71	1.2	1.1	0.8
50.00	0	77	1.1	0.8	1
43.45	0	76	0.8	1	0.8
187.47	0.36	73	1	0.8	0.8
70.95	0	74	0.8	0.8	1
48.69	0	71	0.8	1	0.9
39.43	0	71	1	0.9	0.8
34.04	0	72	0.9	0.8	0.8
31.42	0.02	74	0.8	0.8	0.9
28.80	0	74	0.8	0.9	0.5
26.19	0	76	0.9	0.5	0.6
27.49	0.12	73	0.5	0.6	0.6
26.19	0	74	0.6	0.6	0.5
26.19	0	76	0.6	0.5	0.5
24.88	0	76	0.5	0.5	0.5
31.42	0	76	0.5	0.5	0.5
32.73	0.84	72	0.5	0.5	0.5
30.11	0	71	0.5	0.5	0.5
27.49	0	70	0.5	0.5	0.5
24.88	0	60	0.5	0.5	0.4
23.57	0	58	0.5	0.4	0.5
22.26	0	54	0.4	0.5	0.5
20.95	0	56	0.5	0.5	0.4
22.26	0.14	61	0.5	0.4	0.5
22.26	0.01	58	0.4	0.5	0.4
20.95	0	59	0.5	0.4	0.4
20.95	0	60	0.4	0.4	0.4
20.95	0	63	0.4	0.4	0.5
19.64	0	67	0.4	0.5	0.4
20.95	0	64	0.5	0.4	0.5
20.95	0	61	0.4	0.5	0.5
19.64	0.17	65	0.5	0.5	0.6
19.64	0	60	0.5	0.6	0.5
27.49	0.16	61	0.6	0.5	0.5
28.80	0.82	58	0.5	0.5	0.6
27.49	0.16	55	0.5	0.6	0.5
27.49	0	61	0.6	0.5	0.6
37.97	0	65	0.5	0.6	0.5
34.04	0	64	0.6	0.5	0.5
30.11	0	69	0.5	0.5	0.5
26.19	0	51	0.5	0.5	0.4
23.57	0	54	0.5	0.4	0.5
20.95	0	60	0.4	0.5	0.4
18.33	0	65	0.5	0.4	0.5
18.33	0	62	0.4	0.5	0.4
18.33	0.05	50	0.5	0.4	0.5
17.02	0	48	0.4	0.5	0.5
14.40	0.08	46	0.5	0.5	0.6
12.44	0.01	50	0.5	0.6	0.5
9.16	0	62	0.6	0.5	0.5
7.20	0	67	0.5	0.5	0.8
7.46	0	70	0.5	0.8	0.7
7.46	0	67	0.8	0.7	0.8
5.24	0	69	0.7	0.8	0.5
5.76	0	65	0.8	0.5	0.5
5.63	0.38	48	0.5	0.5	0.5
10.08	0	44	0.5	0.5	0.8
7.20	0	51	0.5	0.8	0.8
7.99	0	57	0.8	0.8	0.8
10.21	0.06	59	0.8	0.8	0.4
8.90	0.68	45	0.8	0.4	0.5
7.46	0.04	51	0.4	0.5	0.7
8.51	0	57	0.5	0.7	0.5
9.43	0	64	0.7	0.5	0.5
9.43	0	64	0.5	0.5	0.6
14.40	0	54	0.5	0.6	0.7
14.40	0.01	60	0.6	0.7	0.5
14.40	0.25	50	0.7	0.5	0.5
12.57	0	36	0.5	0.5	0.6
11.39	0	36	0.5	0.6	0.5
10.34	0	30	0.6	0.5	0.6
10.08	0	35	0.5	0.6	0.6
10.73	0	44	0.6	0.6	0.6
15.42	0.01	55	0.6	0.6	0.6
23.98	0.01	60	0.6	0.6	0.6
43.62	1.91	51	0.6	0.6	0.6
83.31	0.44	37	0.6	0.6	0.4
88.61	0	34	0.6	0.4	0.3
99.19	0	29	0.4	0.3	0.4
80.05	0	28	0.3	0.4	0.5
63.03	0	24	0.4	0.5	0.5
51.20	0	29	0.5	0.5	0.5
46.99	0	29	0.5	0.5	0.6
44.64	0	36	0.5	0.6	0.6
41.41	0	44	0.6	0.6	0.7
44.70	0.37	43	0.6	0.7	0.7
45.43	0	37	0.7	0.7	0.6
46.48	0	33	0.7	0.6	0.6
46.12	0	37	0.6	0.6	0.6
45.97	0.12	36	0.6	0.6	0.8
44.41	0	35	0.6	0.8	0.8
44.06	0	36	0.8	0.8	0.7
42.64	0.05	36	0.8	0.7	0.5
35.00	0.43	33	0.7	0.5	0.6
36.04	0.41	23	0.5	0.6	0.5
35.76	0	21	0.6	0.5	0.5
35.41	0	31	0.5	0.5	0.7
43.06	0	35	0.5	0.7	0.8
84.96	0.62	45	0.7	0.8	0.8
133.40	0.19	36	0.8	0.8	0.6
163.85	0	33	0.8	0.6	0.6
170.40	0	36	0.6	0.6	0.7
144.69	0	27	0.6	0.7	0.6
131.52	0.26	34	0.7	0.6	1.3
124.27	0.05	37	0.6	1.3	1.4
153.52	0	42	1.3	1.4	2.3
113.66	0	34	1.4	2.3	2.5
97.39	0	31	2.3	2.5	2.2
87.04	0	47	2.5	2.2	2.3
91.34	0	48	2.2	2.3	2
97.58	0	39	2.3	2	2.2
191.57	0	38	2	2.2	1.9
275.36	0	44	2.2	1.9	2.2
227.99	0.02	39	1.9	2.2	2
197.56	0	33	2.2	2	2.3
181.37	0	27	2	2.3	3.5
157.40	0	18	2.3	3.5	4.2
111.70	0	8	3.5	4.2	2.6
116.93	0.02	15	4.2	2.6	4
120.86	0	23	2.6	4	4.6
119.55	0	41	4	4.6	5.2
129.28	0.12	49	4.6	5.2	5.4
164.68	0.35	22	5.2	5.4	5.4
195.38	0	14	5.4	5.4	4.7
249.32	0.05	21	5.4	4.7	4.9
283.97	0.13	32	4.7	4.9	5.3
230.29	0	44	4.9	5.3	5.3
191.01	0	38	5.3	5.3	5.6
164.82	0	32	5.3	5.6	5
149.11	0	36	5.6	5	5
141.49	0	44	5	5	5.3
143.12	0	55	5	5.3	5.5
150.33	0	50	5.3	5.5	6.2
177.81	0	55	5.5	6.2	4.8
239.63	0.29	40	6.2	4.8	5.2
264.77	0	21	4.8	5.2	5
285.01	0	20	5.2	5	5.1
222.29	0	22	5	5.1	5.4
203.96	0.27	25	5.1	5.4	5.4
188.25	0.05	13	5.4	5.4	5.3
175.16	0.01	1	5.4	5.3	5.4
155.52	0	-4	5.3	5.4	5.1
142.83	0	3	5.4	5.1	5.9
133.83	0	10	5.1	5.9	6.8
125.70	0.28	20	5.9	6.8	7
119.03	0.47	14	6.8	7	7.2
112.88	0	-2	7	7.2	7.1
108.96	0	1	7.2	7.1	6
105.03	0	20	7.1	6	8.2
102.02	0	32	6	8.2	8.5
115.48	0	38	8.2	8.5	8.5
484.99	0.42	42	8.5	8.5	8
1198.96	0	26	8.5	8	6.3
1590.83	0	30	8	6.3	6.8
1477.85	0.35	18	6.3	6.8	5.3
1262.39	0	16	6.8	5.3	5.5
886.89	0.51	19	5.3	5.5	5.5
636.21	1.14	2	5.5	5.5	6.1
495.15	0	10	5.5	6.1	5.9
406.49	0	19	6.1	5.9	6.6
396.08	0	37	5.9	6.6	7.3
436.56	0	37	6.6	7.3	5.3
618.00	0	41	7.3	5.3	7.8
1051.31	0	32	5.3	7.8	5.8
1616.93	0.23	35	7.8	5.8	6.3
2127.15	0	32	5.8	6.3	6.1
1884.10	0	29	6.3	6.1	6.2
1566.28	0	29	6.1	6.2	6.3
1033.00	0	30	6.2	6.3	6.2
689.81	0	29	6.3	6.2	4.8
562.45	0.02	31	6.2	4.8	4.9
475.61	0	28	4.8	4.9	5.2
419.30	0	30	4.9	5.2	5.5
355.53	0	25	5.2	5.5	5.6
322.03	0	31	5.5	5.6	6
296.53	0	25	5.6	6	6.3
289.49	0.09	31	6	6.3	6.7
289.58	0	36	6.3	6.7	4.6
322.88	0	52	6.7	4.6	6
452.92	0.03	46	4.6	6	5
1039.26	0.01	43	6	5	4.2
3271.34	1.12	50	5	4.2	4.6
4130.00	0.26	35	4.2	4.6	4.7
4042.59	0	36	4.6	4.7	6
3790.83	0	29	4.7	6	5.9
3018.53	0	32	6	5.9	5.7
2645.03	0.09	40	5.9	5.7	7.4
5566.88	2.07	41	5.7	7.4	7
5558.37	0	42	7.4	7	6.8
5737.55	0.14	57	7	6.8	5.5
4557.67	0.06	42	6.8	5.5	5.2
3391.16	0	40	5.5	5.2	4.8
2676.59	0	48	5.2	4.8	5.3
2061.57	0.05	40	4.8	5.3	7.5
1613.11	0	32	5.3	7.5	7.6
1321.41	0	40	7.5	7.6	7.5
1175.32	0	46	7.6	7.5	7.7
1505.46	0.11	47	7.5	7.7	7.8
2928.13	0.3	43	7.7	7.8	9
2664.61	0	45	7.8	9	7.9
2240.52	0	42	9	7.9	7.4
1758.19	0	43	7.9	7.4	7.8
2378.12	0.83	33	7.4	7.8	9
2519.67	0	24	7.8	9	9.3
2106.57	0	29	9	9.3	9
1619.12	0	47	9.3	9	8.1
1335.23	0.21	46	9	8.1	7.9
1194.98	0.1	41	8.1	7.9	8
1115.25	0	50	7.9	8	9.5
1044.17	0	63	8	9.5	9.7
942.12	0	51	9.5	9.7	9.5
807.54	0	49	9.7	9.5	9.2
709.42	0	44	9.5	9.2	9
692.25	0.15	50	9.2	9	8
648.93	0.01	45	9	8	7.9
614.65	0	56	8	7.9	9.8
594.11	0	63	7.9	9.8	7.5
595.73	0.27	48	9.8	7.5	8.1
565.74	0	46	7.5	8.1	6
530.81	0.03	45	8.1	6	6.3
493.09	0	49	6	6.3	9.2
469.17	0	57	6.3	9.2	7.8
458.00	0	64	9.2	7.8	7.1
460.84	0	62	7.8	7.1	7.5
479.48	0.24	61	7.1	7.5	7
487.19	0.37	54	7.5	7	7.8
446.84	0	39	7	7.8	8.2
407.39	0	37	7.8	8.2	7.8
366.96	0	32	8.2	7.8	6.3
348.46	0	37	7.8	6.3	6.5
359.82	0.12	46	6.3	6.5	7
396.14	0.25	42	6.5	7	6.5
399.64	0	41	7	6.5	6.2
403.60	0	41	6.5	6.2	6.2
381.72	0	53	6.2	6.2	6
355.67	0.05	52	6.2	6	7.2
342.43	0	42	6	7.2	6
330.80	0	49	7.2	6	5.8
338.07	0.13	51	6	5.8	5.8
349.92	0	57	5.8	5.8	5.9
380.23	0.28	54	5.8	5.9	4.6
360.59	0.02	50	5.9	4.6	7
332.07	0	49	4.6	7	6.3
309.63	0	51	7	6.3	7.2
285.02	0	51	6.3	7.2	5.9
263.25	0	58	7.2	5.9	5.3
256.80	0.02	57	5.9	5.3	5.6
263.87	0.2	52	5.3	5.6	5.8
267.14	0	59	5.6	5.8	5.9
274.65	0	64	5.8	5.9	5.8
313.52	0	53	5.9	5.8	4.4
275.13	0	57	5.8	4.4	4.5
1117.75	2.47	53	4.4	4.5	5.5
1509.71	0.09	55	4.5	5.5	5.8
1345.12	0	61	5.5	5.8	6
1011.61	0	57	5.8	6	5
757.86	0	61	6	5	5.8
650.96	0.17	65	5	5.8	8.1
560.32	0	56	5.8	8.1	10.3
492.48	0	61	8.1	10.3	10.5
449.53	0	64	10.3	10.5	10
430.30	0.04	55	10.5	10	8.8
408.88	0.18	53	10	8.8	8.8
388.90	0	57	8.8	8.8	8.2
353.50	0	49	8.8	8.2	7.9
310.24	0	52	8.2	7.9	7.8
296.38	0.06	71	7.9	7.8	7.9
290.68	0	73	7.8	7.9	7.5
306.25	0.23	71	7.9	7.5	7.3
311.61	0.05	55	7.5	7.3	7.4
277.00	0	54	7.3	7.4	7.2
238.77	0	56	7.4	7.2	7.2
222.26	0	63	7.2	7.2	6.7
220.21	0	70	7.2	6.7	5.8
278.99	0.16	68	6.7	5.8	6.2
1096.50	0.17	58	5.8	6.2	6.8
1824.84	0.09	58	6.2	6.8	6.5
2056.07	0.14	62	6.8	6.5	6.4
2621.62	0	60	6.5	6.4	6.8
2923.01	0.09	64	6.4	6.8	6.6
2497.26	0.46	63	6.8	6.6	9.1
1666.22	0	60	6.6	9.1	11
1336.64	0.29	64	9.1	11	10.7
1510.11	0	61	11	10.7	10.5
1666.07	0	67	10.7	10.5	10.3
1536.40	0	64	10.5	10.3	10
1253.64	0	67	10.3	10	9.7
1369.86	1.2	69	10	9.7	9.8
1918.39	0.06	63	9.7	9.8	11.3
2791.73	0.13	64	9.8	11.3	11.1
2286.94	0	67	11.3	11.1	9.5
1757.56	0	69	11.1	9.5	10
1543.62	0.09	72	9.5	10	10.2
2703.72	0.09	69	10	10.2	10.1
2580.78	0	70	10.2	10.1	9.8
2144.53	0	68	10.1	9.8	9.5
1642.94	0	75	9.8	9.5	10.5
1224.69	0	72	9.5	10.5	10.3
1031.55	0	76	10.5	10.3	10.5
915.35	0	77	10.3	10.5	9.9
823.56	0	80	10.5	9.9	9.8
744.10	0	79	9.9	9.8	9
678.33	0	79	9.8	9	10.5
618.08	0	81	9	10.5	10.8
562.06	0	83	10.5	10.8	10.8
561.07	0	83	10.8	10.8	10.1
855.12	0.38	75	10.8	10.1	9.5
979.97	0	75	10.1	9.5	8
691.86	0	82	9.5	8	9
559.10	0	78	8	9	7.4
517.05	0	77	9	7.4	6.7
698.23	0.03	77	7.4	6.7	6
837.32	0	80	6.7	6	8.5
635.32	0.03	69	6	8.5	8.3
495.38	0	63	8.5	8.3	7.6
417.50	0	65	8.3	7.6	9.1
371.05	0.05	69	7.6	9.1	8.6
335.60	0.27	73	9.1	8.6	6.8
298.02	0.22	75	8.6	6.8	7.3
271.18	0	68	6.8	7.3	8.6
450.66	0	68	7.3	8.6	7.8
480.86	0	70	8.6	7.8	7.6
290.04	0	74	7.8	7.6	8
229.57	0.01	81	7.6	8	6.3
202.38	0.27	82	8	6.3	5.9
189.73	0.26	77	6.3	5.9	5.5
175.14	0	76	5.9	5.5	5.6
166.93	0	77	5.5	5.6	5.6
145.08	0.01	81	5.6	5.6	3.4
134.68	0.09	80	5.6	3.4	2
124.47	0.03	79	3.4	2	4.2
118.32	0.52	79	2	4.2	3.3
143.38	0.06	76	4.2	3.3	2.8
119.96	0	76	3.3	2.8	2.7
113.13	0	75	2.8	2.7	2.2
102.69	0.22	79	2.7	2.2	2.8
94.44	0	84	2.2	2.8	2
85.26	0.05	85	2.8	2	1.5
77.31	0.15	78	2	1.5	1.8
72.01	0	70	1.5	1.8	1.4
66.77	0	68	1.8	1.4	0.9
62.85	0	69	1.4	0.9	1.2
57.61	0	71	0.9	1.2	1.4
53.68	0	76	1.2	1.4	0.9
51.06	0	78	1.4	0.9	0.8
51.06	0.08	76	0.9	0.8	0.8
51.06	0.03	68	0.8	0.8	0.8
48.44	0	63	0.8	0.8	0.7
47.13	0	66	0.8	0.7	0.8
47.13	0.27	69	0.7	0.8	0.8
47.13	0.21	69	0.8	0.8	0.7
43.21	0.08	73	0.8	0.7	0.7
44.52	0.2	73	0.7	0.7	0.6
44.52	0.18	75	0.7	0.6	0.8
44.52	0.02	71	0.6	0.8	0.6
44.52	0.34	70	0.8	0.6	0.6
48.44	0.08	76	0.6	0.6	0.6
47.13	1.21	80	0.6	0.6	0.7
175.44	0.33	72	0.6	0.7	0.5
856.72	0.12	69	0.7	0.5	0.8
962.73	0.54	63	0.5	0.8	0.6
603.50	0.16	67	0.8	0.6	0.7
310.33	0.02	64	0.6	0.7	0.6
222.58	0	65	0.7	0.6	1
167.59	0	64	0.6	1	1.2
138.78	0	69	1	1.2	1.1
127.00	0.81	71	1.2	1.1	1.5
119.14	0	75	1.1	1.5	1.5
100.81	0	77	1.5	1.5	1.2
87.72	0	76	1.5	1.2	1.3
78.56	0	73	1.2	1.3	1.6
70.70	0	72	1.3	1.6	1.3
66.77	0.1	69	1.6	1.3	1
61.78	0	76	1.3	1	1
93.21	0	78	1	1	1.1
132.48	1.16	64	1	1.1	0.9
94.51	0	59	1.1	0.9	1
70.95	0	61	0.9	1	1.2
60.47	0	68	1	1.2	1
52.99	0	72	1.2	1	0.8
109.39	0.81	74	1	0.8	0.7
411.54	0.51	67	0.8	0.7	0.7
330.80	0.05	66	0.7	0.7	0.7
275.08	0	63	0.7	0.7	0.6
214.89	0	65	0.7	0.6	0.5
149.70	0	64	0.6	0.5	0.6
115.47	0	71	0.5	0.6	0.6
94.69	0	75	0.6	0.6	0.6
78.38	0	77	0.6	0.6	0.7
70.20	0.27	76	0.6	0.7	0.5
59.60	0	71	0.7	0.5	0.5
54.05	0	78	0.5	0.5	0.5
57.61	0.04	74	0.5	0.5	0.5
76.24	0	61	0.5	0.5	0.6
79.06	0	63	0.5	0.6	0.7
75.44	0.21	62	0.6	0.7	0.5
70.20	0	63	0.7	0.5	0.5
62.67	0	63	0.5	0.5	0.5
56.23	0	66	0.5	0.5	0.5
51.73	0	67	0.5	0.5	0.5
46.82	0	66	0.5	0.5	0.5
44.34	0	67	0.5	0.5	0.5
43.07	0	65	0.5	0.5	0.5
40.11	0	59	0.5	0.5	0.5
36.71	0	64	0.5	0.5	0.4
31.99	0	73	0.5	0.4	0.5
29.31	0	75	0.4	0.5	0.5
27.83	0	70	0.5	0.5	0.5
28.60	0	71	0.5	0.5	0.5
33.84	0	74	0.5	0.5	0.3
31.31	0.02	74	0.5	0.3	0.6
29.92	0.11	70	0.3	0.6	0.4
26.16	0	61	0.6	0.4	0.5
26.07	0	68	0.4	0.5	0.5
27.38	0	72	0.5	0.5	0.5
32.68	0.12	63	0.5	0.5	0.4
33.48	0.43	46	0.5	0.4	0.4
34.99	0	48	0.4	0.4	0.5
37.40	0	52	0.4	0.5	0.6
34.38	0	48	0.5	0.6	0.8
30.26	0	48	0.6	0.8	0.8
33.37	0	53	0.8	0.8	1
33.37	0	52	0.8	1	1
35.46	0	47	1	1	0.9
34.38	0	38	1	0.9	1
29.97	0	50	0.9	1	0.8
31.71	0.02	50	1	0.8	0.7
35.04	0	49	0.8	0.7	0.7
40.09	0.17	44	0.7	0.7	0.8
44.24	0.84	38	0.7	0.8	0.7
47.96	0	42	0.8	0.7	1
51.00	0	48	0.7	1	1.1
55.17	0	50	1	1.1	0.8
53.12	0	57	1.1	0.8	0.6
52.66	0.08	52	0.8	0.6	0.6
54.94	0	41	0.6	0.6	0.7
60.63	0.12	33	0.6	0.7	0.8
61.57	0.02	35	0.7	0.8	1
63.01	0	41	0.8	1	0.8
68.11	0.63	45	1	0.8	0.8
64.87	0	42	0.8	0.8	0.7
74.95	0	44	0.8	0.7	0.7
76.26	0	43	0.7	0.7	0.7
76.26	0.01	41	0.7	0.7	0.8
74.95	0	35	0.7	0.8	0.7
73.55	0	30	0.8	0.7	0.8
70.73	0	32	0.7	0.8	0.8
70.73	0.13	32	0.8	0.8	0.7
70.73	0.08	31	0.8	0.7	0.7
67.88	0	27	0.7	0.7	0.9
65.70	0	28	0.7	0.9	0.7
65.55	0	37	0.9	0.7	0.8
65.98	0	40	0.7	0.8	0.7
68.60	0	43	0.8	0.7	0.8
69.91	0.12	45	0.7	0.8	0.8
67.29	0	42	0.8	0.8	0.9
66.70	0	32	0.8	0.9	0.9
67.10	0	33	0.9	0.9	0.8
63.72	0	45	0.9	0.8	0.9
66.76	0	49	0.8	0.9	0.8
66.07	0	38	0.9	0.8	0.8
81.38	0.38	53	0.8	0.8	0.8
270.95	0.45	57	0.8	0.8	0.7
688.20	1.38	47	0.8	0.7	0.8
951.62	0	40	0.7	0.8	0.8
746.25	0	39	0.8	0.8	0.9
601.96	0	39	0.8	0.9	1.8
497.55	0	34	0.9	1.8	4
402.51	0.06	24	1.8	4	5.1
337.32	0.02	23	4	5.1	4.8
286.00	0	28	5.1	4.8	5
253.31	0	29	4.8	5	5.2
251.62	0	32	5	5.2	5.4
267.75	0.3	33	5.2	5.4	5.5
309.51	0.01	35	5.4	5.5	5.1
348.36	0	31	5.5	5.1	5.2
352.43	0	31	5.1	5.2	5.1
332.79	0	32	5.2	5.1	4.9
301.41	0	37	5.1	4.9	4.6
279.81	0	42	4.9	4.6	4.6
269.06	0	39	4.6	4.6	4.7
247.50	0	41	4.6	4.7	4.8
234.00	0	47	4.7	4.8	4.5
218.56	0	38	4.8	4.5	4.7
204.16	0	34	4.5	4.7	5
216.95	0.26	35	4.7	5	5.5
235.47	0.06	37	5	5.5	4.5
261.90	0	35	5.5	4.5	4.3
486.63	0	34	4.5	4.3	4.2
548.94	0	34	4.3	4.2	4.4
588.10	0	29	4.2	4.4	4.6
524.39	0	29	4.4	4.6	4.4
473.01	0	32	4.6	4.4	5.6
437.90	0	23	4.4	5.6	4.9
363.35	0	20	5.6	4.9	5
301.00	0	28	4.9	5	5.7
325.65	0	41	5	5.7	6
310.98	0	48	5.7	6	5.7
303.84	0.13	54	6	5.7	5.8
336.02	0.08	54	5.7	5.8	5.6
758.46	0.33	52	5.8	5.6	5.2
1296.78	0.07	46	5.6	5.2	5.4
2133.15	1.11	36	5.2	5.4	5.1
3381.22	0.3	33	5.4	5.1	5.8
3288.08	0	23	5.1	5.8	5.5
2927.21	0	21	5.8	5.5	6.2
2384.64	0.02	29	5.5	6.2	7.5
1383.76	0	18	6.2	7.5	6.1
1009.04	0	22	7.5	6.1	6.4
872.70	0.26	22	6.1	6.4	8
788.92	0	26	6.4	8	8.5
703.03	0.02	27	8	8.5	8.8
620.65	0	26	8.5	8.8	8.8
552.75	0	18	8.8	8.8	8.6
505.95	0	25	8.8	8.6	8.2
481.50	0	35	8.6	8.2	7.3
458.48	0	33	8.2	7.3	7
444.23	0	32	7.3	7	6.8
417.45	0	26	7	6.8	7.8
394.42	0	25	6.8	7.8	7.2
379.75	0	35	7.8	7.2	7.5
370.66	0	43	7.2	7.5	5.9
422.84	0	42	7.5	5.9	6.2
487.54	0	40	5.9	6.2	7.4
532.66	0	34	6.2	7.4	7.2
545.17	0	35	7.4	7.2	7
539.08	0	41	7.2	7	7
526.59	0	39	7	7	7.3
493.70	0	36	7	7.3	6.6
473.07	0	34	7.3	6.6	6.7
460.96	0	33	6.6	6.7	7.1
441.20	0	37	6.7	7.1	7
414.59	0	37	7.1	7	6.5
389.71	0	36	7	6.5	6.2
370.53	0	39	6.5	6.2	6
357.01	0	43	6.2	6	5.8
402.34	0.34	46	6	5.8	6.2
691.48	0.21	38	5.8	6.2	6
715.13	0	36	6.2	6	6.8
726.35	0	38	6	6.8	6.8
651.55	0	42	6.8	6.8	6.5
607.68	0	42	6.8	6.5	6.8
686.01	0.47	45	6.5	6.8	6
1097.10	0.48	40	6.8	6	5.9
1222.51	0.01	40	6	5.9	5.6
1239.73	0.09	41	5.9	5.6	8.1
1150.61	0.02	43	5.6	8.1	8
1035.98	0	44	8.1	8	6.7
930.80	0	45	8	6.7	7.4
839.22	0	52	6.7	7.4	7.5
763.27	0	49	7.4	7.5	7.3
715.27	0	54	7.5	7.3	7.1
729.47	0.34	45	7.3	7.1	8.3
734.44	0	42	7.1	8.3	7.8
759.87	0	35	8.3	7.8	5.5
734.53	0.01	33	7.8	5.5	5.2
694.64	0.01	34	5.5	5.2	4.8
646.77	0.01	35	5.2	4.8	5.3
592.93	0.07	34	4.8	5.3	7.5
549.60	0	40	5.3	7.5	7.6
519.44	0	39	7.5	7.6	7.5
686.07	0.35	41	7.6	7.5	7.7
1747.89	0.7	32	7.5	7.7	7.8
2544.14	0.28	18	7.7	7.8	9
2813.28	0	19	7.8	9	7.9
2760.96	0.03	14	9	7.9	7.4
2239.41	0	33	7.9	7.4	7.8
1541.13	0	33	7.4	7.8	9
1367.10	0	31	7.8	9	9.3
1307.47	0	36	9	9.3	9
1812.48	0.32	43	9.3	9	8.1
4488.59	0.75	51	9	8.1	7.9
5191.44	0.02	44	8.1	7.9	8
6918.72	0.61	37	7.9	8	9.5
8119.30	0.32	38	8	9.5	9.7
6808.65	0	39	9.5	9.7	9.5
5513.43	0.07	40	9.7	9.5	9.2
4613.20	0.05	41	9.5	9.2	9
3724.27	0.01	55	9.2	9	8
2855.14	0	65	9	8	7.9
2038.76	0	65	8	7.9	9.8
3493.81	1.76	52	7.9	9.8	7.5
4611.10	0	65	9.8	7.5	8.1
3856.71	0	70	7.5	8.1	6
3137.90	0	62	8.1	6	6.3
2746.61	0.41	45	6	6.3	9.2
2105.22	0.01	45	6.3	9.2	7.8
1757.09	0	43	9.2	7.8	7.1
1942.53	1.19	44	7.8	7.1	7.5
1996.43	0	45	7.1	7.5	7
1826.82	0	52	7.5	7	7.8
1571.78	0.01	56	7	7.8	8.2
1434.17	0.27	55	7.8	8.2	7.8
1538.20	0.01	46	8.2	7.8	6.3
1861.62	0	49	7.8	6.3	6.5
2003.89	0	51	6.3	6.5	7
1473.20	0	56	6.5	7	6.5
1176.43	0	58	7	6.5	6.2
1229.54	0	59	6.5	6.2	6.2
1405.23	0.14	59	6.2	6.2	6
1408.11	0.03	52	6.2	6	7.2
1191.03	0	45	6	7.2	6
1010.69	0	47	7.2	6	5.8
903.79	0	50	6	5.8	5.8
841.29	0	51	5.8	5.8	5.9
814.43	0	48	5.8	5.9	4.6
794.69	0	52	5.9	4.6	7
756.05	0.02	56	4.6	7	6.3
705.70	0	59	7	6.3	7.2
671.53	0	61	6.3	7.2	5.9
649.84	0.09	64	7.2	5.9	5.3
604.75	0	51	5.9	5.3	5.6
557.94	0	50	5.3	5.6	5.8
581.42	0.55	57	5.6	5.8	5.9
1344.33	0.25	60	5.8	5.9	5.8
2411.82	0.34	59	5.9	5.8	7.8
3224.69	0.27	59	5.8	7.8	8.5
5940.67	0.61	54	7.8	8.5	8
7572.36	0.45	60	8.5	8	7.5
5225.07	0	63	8	7.5	7
4659.20	0	60	7.5	7	7.4
5217.50	0.55	62	7	7.4	7.6
6647.20	0.28	65	7.4	7.6	8.1
5854.93	0	63	7.6	8.1	8.8
6280.19	0	64	8.1	8.8	8.3
5262.76	0	62	8.8	8.3	7.3
3882.86	0	66	8.3	7.3	8.3
2884.10	0	70	7.3	8.3	8.1
1786.41	0	74	8.3	8.1	9.1
1340.32	0	75	8.1	9.1	9.3
1163.55	0.07	72	9.1	9.3	8.5
1029.98	0	71	9.3	8.5	9.2
924.69	0.02	73	8.5	9.2	8.9
860.87	0.19	77	9.2	8.9	10.3
843.09	0.2	72	8.9	10.3	9.3
792.65	0.11	69	10.3	9.3	9.5
807.49	0.36	64	9.3	9.5	9
1550.25	0.88	64	9.5	9	8.5
3604.96	0.26	67	9	8.5	9.1
2753.57	0.01	65	8.5	9.1	8.1
1701.24	0.14	66	9.1	8.1	6.3
1309.42	0	70	8.1	6.3	7.5
1088.65	0	75	6.3	7.5	7.8
943.13	0	76	7.5	7.8	9.1
856.44	0	77	7.8	9.1	9.9
815.35	0	78	9.1	9.9	10.2
740.45	0.01	66	9.9	10.2	10.4
683.47	0.02	72	10.2	10.4	9
626.61	0.24	62	10.4	9	10.2
590.91	0.09	58	9	10.2	9.7
575.40	0.66	55	10.2	9.7	9.9
535.19	0.01	56	9.7	9.9	9.2
496.37	0.11	59	9.9	9.2	9.5
471.81	0.81	59	9.2	9.5	8.3
682.69	1.41	68	9.5	8.3	8.2
1203.65	0.24	69	8.3	8.2	8.5
1265.67	0.87	72	8.2	8.5	8.6
2766.04	1.33	76	8.5	8.6	9
3221.76	0.05	70	8.6	9	8
3215.53	0.06	69	9	8	7.5
7365.62	0.7	69	8	7.5	8.2
6398.59	0.17	70	7.5	8.2	5.7
6597.03	0.01	72	8.2	5.7	5.8
8225.19	0.66	76	5.7	5.8	8
8823.38	0.08	75	5.8	8	7.2
6580.64	0.15	75	8	7.2	6
4710.67	0.12	76	7.2	6	6.3
3686.87	0.82	75	6	6.3	7.8
4286.59	1.23	76	6.3	7.8	6.4
3889.47	0	81	7.8	6.4	6.1
3727.16	0	84	6.4	6.1	6.4
3205.00	0	84	6.1	6.4	6.3
1981.16	0	81	6.4	6.3	6.4
1275.15	0.3	82	6.3	6.4	6.6
1100.76	0.11	78	6.4	6.6	6.3
1436.93	1.17	75	6.6	6.3	6
1867.27	0	75	6.3	6	8.2
1826.02	0	76	6	8.2	8
1362.12	0	79	8.2	8	7.5
1012.40	0.05	80	8	7.5	7.1
891.04	0	75	7.5	7.1	6.8
857.35	0	80	7.1	6.8	6.8
1068.97	0.2	76	6.8	6.8	7
1412.92	1.37	80	6.8	7	7.3
1136.76	0	79	7	7.3	7.1
907.67	0	78	7.3	7.1	7.9
769.86	0	75	7.1	7.9	7.5
665.32	0	73	7.9	7.5	7.6
585.30	0	78	7.5	7.6	6.8
522.06	0	78	7.6	6.8	6.8
471.59	0	75	6.8	6.8	6.8
427.16	0	79	6.8	6.8	6.6
384.38	0	75	6.8	6.6	7.4
340.52	0	79	6.6	7.4	7.4
303.84	0.04	84	7.4	7.4	7.5
273.80	0	83	7.4	7.5	7.7
248.20	0.02	86	7.5	7.7	6.5
232.31	0	81	7.7	6.5	5.8
242.57	0.65	76	6.5	5.8	5.4
369.42	0	73	5.8	5.4	4.7
315.30	0	71	5.4	4.7	4.8
234.31	0	73	4.7	4.8	5
195.84	0	72	4.8	5	5.1
172.28	0	76	5	5.1	5.3
156.54	0	81	5.1	5.3	5.3
146.36	0.24	73	5.3	5.3	3.7
135.19	0.49	72	5.3	3.7	3
125.85	0	74	3.7	3	3.1
118.25	0	73	3	3.1	3
116.24	0	77	3.1	3	2.8
142.19	0	78	3	2.8	2.9
384.69	1.26	75	2.8	2.9	3.2
289.16	0.3	76	2.9	3.2	2.2
216.58	0.59	75	3.2	2.2	2.3
182.55	0.17	76	2.2	2.3	2
195.79	0.03	77	2.3	2	2.3
159.94	0	79	2	2.3	2.5
130.06	0	78	2.3	2.5	2.8
110.37	0	75	2.5	2.8	2.6
94.94	0	73	2.8	2.6	2.7
84.37	0	75	2.6	2.7	1.3
75.78	0	77	2.7	1.3	1.1
71.75	0.37	77	1.3	1.1	1
71.75	0	78	1.1	1	1.1
75.48	0.99	77	1	1.1	0.8
74.29	0	76	1.1	0.8	0.8
70.41	0	74	0.8	0.8	0.8
63.89	0	76	0.8	0.8	0.9
59.96	0	78	0.8	0.9	0.9
53.84	0	81	0.9	0.9	1
49.47	0	82	0.9	1	0.7
43.17	0	82	1	0.7	0.8
39.37	0	73	0.7	0.8	0.5
38.00	0	78	0.8	0.5	0.7
36.68	0	75	0.5	0.7	0.8
34.06	1.61	77	0.7	0.8	0.8
31.44	0	78	0.8	0.8	0.7
31.43	0	73	0.8	0.7	0.7
31.43	0.03	72	0.7	0.7	0.7
30.12	0.05	72	0.7	0.7	0.7
28.81	0	76	0.7	0.7	0.7
27.50	0	79	0.7	0.7	0.7
24.88	0	80	0.7	0.7	0.7
24.88	0	84	0.7	0.7	0.6
23.57	0	80	0.7	0.6	0.3
24.88	0	66	0.6	0.3	0.5
23.57	0	66	0.3	0.5	0.5
22.26	0	68	0.5	0.5	0.4
22.26	0	72	0.5	0.4	0.6
22.26	0	76	0.4	0.6	0.5
20.95	0	78	0.6	0.5	0.5
20.95	0	75	0.5	0.5	0.5
20.95	0	74	0.5	0.5	0.5
19.64	0	75	0.5	0.5	0.5
18.33	0	74	0.5	0.5	0.5
18.33	0.06	77	0.5	0.5	0.6
15.71	0	77	0.5	0.6	0.5
17.02	0	79	0.6	0.5	0.4
20.95	0.15	71	0.5	0.4	0.5
19.64	0.04	69	0.4	0.5	0.5
18.33	0.01	63	0.5	0.5	0.5
24.88	0	65	0.5	0.5	0.4
23.57	0.35	74	0.5	0.4	0.5
19.64	0	79	0.4	0.5	0.6
15.71	0	81	0.5	0.6	0.6
17.02	0	74	0.6	0.6	0.4
15.71	0	75	0.6	0.4	0.5
15.71	0.04	69	0.4	0.5	0.5
15.72	0.15	58	0.5	0.5	0.5
15.72	0	58	0.5	0.5	0.5
12.57	0.05	56	0.5	0.5	0.6
11.92	0.07	58	0.5	0.6	0.7
14.40	0	67	0.6	0.7	0.6
17.34	1.41	65	0.7	0.6	0.4
17.44	0.03	60	0.6	0.4	0.6
18.22	0	57	0.4	0.6	0.6
16.40	0	56	0.6	0.6	0.7
22.62	0	55	0.6	0.7	0.7
18.54	0	62	0.7	0.7	0.6
17.14	0	63	0.7	0.6	0.7
15.78	0	56	0.6	0.7	0.5
14.44	0	54	0.7	0.5	0.6
14.43	0	61	0.5	0.6	0.6
13.12	0	66	0.6	0.6	0.6
11.54	0.16	68	0.6	0.6	0.7
12.87	0.4	62	0.6	0.7	0.8
14.46	0.02	54	0.7	0.8	0.7
14.45	0	52	0.8	0.7	0.5
14.45	0	54	0.7	0.5	0.5
14.46	0	46	0.5	0.5	0.5
14.46	0	49	0.5	0.5	0.5
15.77	0	55	0.5	0.5	0.6
15.77	0	60	0.5	0.6	0.5
19.70	0	64	0.6	0.5	0.6
18.39	0	65	0.5	0.6	0.5
18.42	0	64	0.6	0.5	0.5
18.47	0	63	0.5	0.5	0.4
18.48	0.64	60	0.5	0.4	0.4
17.17	0	53	0.4	0.4	0.5
21.18	0	56	0.4	0.5	0.6
34.48	0.04	52	0.5	0.6	0.6
39.46	0.62	42	0.6	0.6	0.7
38.58	0	38	0.6	0.7	0.7
33.34	0	37	0.7	0.7	0.8
29.42	0	35	0.7	0.8	0.7
25.49	0	35	0.8	0.7	0.6
25.49	0.11	39	0.7	0.6	0.7
26.80	0.03	45	0.6	0.7	0.6
31.28	0.69	54	0.7	0.6	0.6
27.86	0.03	41	0.6	0.6	0.6
29.93	0	47	0.6	0.6	0.6
32.86	0	48	0.6	0.6	0.6
48.29	0	52	0.6	0.6	0.6
44.93	0	46	0.6	0.6	0.6
41.45	0	49	0.6	0.6	0.6
37.83	0	46	0.6	0.6	0.7
33.90	0	51	0.6	0.7	0.7
31.28	0	48	0.7	0.7	0.7
28.18	0	40	0.7	0.7	0.7
26.08	0	36	0.7	0.7	0.7
25.93	0	50	0.7	0.7	0.7
24.62	0	56	0.7	0.7	0.8
22.49	0	46	0.7	0.8	0.7
20.84	0	51	0.8	0.7	0.8
18.22	0	50	0.7	0.8	0.7
17.56	0	50	0.8	0.7	0.7
17.30	0	58	0.7	0.7	0.7
17.17	0	60	0.7	0.7	0.8
19.53	0.04	56	0.7	0.8	0.5
19.53	0.15	46	0.8	0.5	0.6
19.53	0	53	0.5	0.6	0.6
19.53	0	62	0.6	0.6	0.4
19.53	0	66	0.6	0.4	0.6
19.53	0.01	58	0.4	0.6	0.6
19.53	0.01	57	0.6	0.6	0.7
20.84	0.26	41	0.6	0.7	0.6
19.53	0.01	38	0.7	0.6	0.6
17.43	0	38	0.6	0.6	0.6
16.65	0.01	35	0.6	0.6	0.6
17.69	0.01	35	0.6	0.6	0.6
17.30	0	35	0.6	0.6	0.6
16.52	0	39	0.6	0.6	0.5
16.52	0	40	0.6	0.5	0.6
15.86	0	43	0.5	0.6	0.6
15.47	0	38	0.6	0.6	0.6
15.08	0.01	35	0.6	0.6	0.4
15.21	0	37	0.6	0.4	0.3
17.17	0	41	0.4	0.3	0.5
15.47	0	36	0.3	0.5	0.5
17.95	0.2	27	0.5	0.5	0.5
17.04	0.06	13	0.5	0.5	0.5
16.91	0	17	0.5	0.5	0.5
16.78	0	20	0.5	0.5	0.5
14.74	0	25	0.5	0.5	0.5
14.05	0	27	0.5	0.5	0.5
12.82	0	36	0.5	0.5	0.5
11.83	0	33	0.5	0.5	0.5
11.57	0	28	0.5	0.5	0.4
10.39	0.01	12	0.5	0.4	0.4
13.60	0.14	9	0.4	0.4	0.3
17.33	0.52	10	0.4	0.3	0.4
19.03	0.4	24	0.3	0.4	0.4
20.34	0.02	14	0.4	0.4	0.4
20.40	0	2	0.4	0.4	0.3
19.53	0	2	0.4	0.3	0.3
17.89	0	27	0.3	0.3	0.3
17.07	0.02	11	0.3	0.3	0.3
16.41	0.04	13	0.3	0.3	0.6
15.76	0	7	0.3	0.6	0.4
15.10	0	5	0.6	0.4	0.4
17.72	0	9	0.4	0.4	0.5
21.65	0	25	0.4	0.5	0.4
25.58	0.2	22	0.5	0.4	0.4
28.19	0	17	0.4	0.4	0.6
26.88	0	25	0.4	0.6	0.8
25.58	0	38	0.6	0.8	0.5
29.50	0	37	0.8	0.5	0.5
34.74	0	36	0.5	0.5	0.6
35.58	0	32	0.5	0.6	0.6
41.75	0	35	0.6	0.6	0.6
57.49	0	38	0.6	0.6	1.1
257.82	0.52	47	0.6	1.1	1.2
1493.29	0.29	41	1.1	1.2	3.5
3266.62	0	36	1.2	3.5	4.8
4169.09	0	33	3.5	4.8	5.8
3398.33	0	35	4.8	5.8	6.8
2832.55	0	53	5.8	6.8	7.1
1932.99	0	39	6.8	7.1	6.8
1340.76	0	36	7.1	6.8	6.5
1039.05	0	40	6.8	6.5	8
835.76	0	38	6.5	8	7.9
936.98	0.51	45	8	7.9	7.8
1184.12	0.07	42	7.9	7.8	8.2
1275.42	0.01	36	7.8	8.2	7.2
1204.87	0	39	8.2	7.2	7
951.83	0	38	7.2	7	8.6
758.01	0	46	7	8.6	8.2
1395.75	1.11	40	8.6	8.2	9.3
2752.42	0	42	8.2	9.3	7.2
2988.96	0	49	9.3	7.2	7.8
2839.85	0	46	7.2	7.8	8.4
2533.75	0	53	7.8	8.4	8.5
2039.83	0.24	31	8.4	8.5	9
1628.88	0.02	26	8.5	9	7.3
1250.89	0	36	9	7.3	8.5
995.75	0	46	7.3	8.5	8.8
879.42	0	42	8.5	8.8	9.2
817.53	0.17	34	8.8	9.2	9
772.67	0	33	9.2	9	9.3
711.78	0	35	9	9.3	8.8
631.96	0	32	9.3	8.8	8.6
557.60	0	30	8.8	8.6	7.8
502.34	0	29	8.6	7.8	9.5
477.58	0	30	7.8	9.5	9.6
459.22	0	32	9.5	9.6	9.4
445.16	0.12	33	9.6	9.4	9.6
418.89	0	39	9.4	9.6	9.6
413.10	0	54	9.6	9.6	8.7
420.69	0.06	39	9.6	8.7	6.9
462.37	0	42	8.7	6.9	8.6
485.31	0	41	6.9	8.6	8.7
702.54	0	33	8.6	8.7	7.8
973.34	0	33	8.7	7.8	8.2
942.15	0	43	7.8	8.2	8.4
867.30	0.18	36	8.2	8.4	7.8
874.48	0	27	8.4	7.8	7.7
859.30	0	30	7.8	7.7	8.7
820.85	0	32	7.7	8.7	7.6
728.99	0	31	8.7	7.6	8.6
627.41	0	32	7.6	8.6	8.8
573.68	0	33	8.6	8.8	8.8
628.94	0	35	8.8	8.8	8.2
684.70	0	34	8.8	8.2	8.4
703.36	0	37	8.2	8.4	7.6
732.10	0	49	8.4	7.6	9.6
792.98	0	53	7.6	9.6	9.4
790.18	0	48	9.6	9.4	9.7
710.30	0	41	9.4	9.7	9.5
609.64	0	45	9.7	9.5	8.7
559.19	0	43	9.5	8.7	8.9
518.78	0	38	8.7	8.9	7.5
479.29	0	47	8.9	7.5	7.8
445.41	0	43	7.5	7.8	8.8
412.31	0	39	7.8	8.8	9
382.37	0	40	8.8	9	8.8
360.02	0	45	9	8.8	8.6
350.86	0	45	8.8	8.6	8.1
344.08	0	49	8.6	8.1	7.8
321.41	0	54	8.1	7.8	8
314.05	0	52	7.8	8	8.5
322.34	0	60	8	8.5	8.1
320.15	0	67	8.5	8.1	8
330.10	0	66	8.1	8	8
410.84	0.42	62	8	8	8
392.05	0	59	8	8	8.3
652.86	0.55	56	8	8.3	8.1
518.83	0	56	8.3	8.1	8.2
467.06	0	60	8.1	8.2	7.9
817.17	0.75	56	8.2	7.9	7.6
835.93	0	53	7.9	7.6	7.8
825.75	0.14	54	7.6	7.8	7.6
763.05	0	47	7.8	7.6	7.9
676.48	0	50	7.6	7.9	9
587.38	0	55	7.9	9	8.4
958.23	0.75	50	9	8.4	9
2933.37	1.1	39	8.4	9	8.7
4202.42	0.56	43	9	8.7	7.8
5012.04	0.01	47	8.7	7.8	8.3
5041.40	0	49	7.8	8.3	11.2
4049.71	0	51	8.3	11.2	10.6
3351.33	0.64	64	11.2	10.6	11.2
2544.04	0	69	10.6	11.2	10.5
1777.87	0	59	11.2	10.5	10.6
1364.38	0	53	10.5	10.6	10.8
1166.00	0	54	10.6	10.8	10.2
1043.47	0.14	55	10.8	10.2	9.8
986.97	0.41	64	10.2	9.8	11.2
1257.39	0.49	55	9.8	11.2	10.2
1154.50	0	59	11.2	10.2	10.7
940.42	0	56	10.2	10.7	10
