1851.822537	0.13	23.57	6.1	4.914285714
1557.437503	0.59	0.714285714	4.914285714	5.671428571
7536.757451	0.42	35.85714286	5.671428571	5.371428571
9670.177232	0.1	21.57142857	5.371428571	3.728571429
1887.735126	0	23.14285714	3.728571429	5
3086.746467	0	39	5	4.285714286
6308.49465	0.76	34.57142857	4.285714286	4.314285714
2018.35596	0.41	27.71428571	4.314285714	4.514285714
16801.83668	0.04	40.42857143	4.514285714	4.971428571
6515.433346	0.04	43	4.971428571	5.871428571
3438.641799	0	50.57142857	5.871428571	5.328571429
2997.977213	0.77	42.28571429	5.328571429	4.971428571
2904.661687	1.09	44.42857143	4.971428571	4.228571429
68999.45472	1.78	53.42857143	4.228571429	4.371428571
20823.34781	0.71	57.85714286	4.371428571	5.128571429
13583.33092	2.19	62.85714286	5.128571429	6.3
15431.27097	0.66	52.42857143	6.3	7.871428571
15515.39692	1.22	59.14285714	7.871428571	8.157142857
5932.20651	0.32	61.85714286	8.157142857	7.857142857
3958.48733	1.38	66.57142857	7.857142857	7.185714286
2868.312354	0.82	67.14285714	7.185714286	6.685714286
2381.181801	1.04	71.42857143	6.685714286	5.485714286
2784.594904	0.76	78.57142857	5.485714286	6.014285714
1747.554116	0.9	80.71428571	6.014285714	4.628571429
1189.826545	0.39	72.71428571	4.628571429	3.3
1461.017952	1.24	80	3.3	2.671428571
1406.16663	0.01	73.14285714	2.671428571	2.414285714
586.02808	1.23	77.14285714	2.414285714	1.985714286
381.5713021	0	70.57142857	1.985714286	1.157142857
283.5077025	1.28	71.85714286	1.157142857	0.828571429
373.1909039	0	71.57142857	0.828571429	0.485714286
408.2085813	0.89	72.14285714	0.485714286	0.642857143
214.4363237	0.46	72.85714286	0.642857143	0.6
265.4979321	2.37	67.85714286	0.6	0.514285714
181.5502851	0.72	66	0.514285714	0.542857143
140.6852239	0	75.85714286	0.542857143	0.428571429
98.91944671	1.08	64.71428571	0.428571429	0.428571429
178.1640563	0.58	58.57142857	0.428571429	0.457142857
124.7033441	0	64.57142857	0.457142857	0.5
189.1507254	1.07	56	0.5	0.5
138.8946625	0.72	63	0.5	0.657142857
126.0964031	0.31	49.28571429	0.657142857	0.5
202.3004148	1.21	53.57142857	0.5	0.628571429
1704.942827	2.52	51.57142857	0.628571429	0.642857143
1327.289507	0.35	50	0.642857143	1.571428571
1293.486449	0.92	42.57142857	1.571428571	2.428571429
1766.878919	0.41	41.42857143	2.428571429	2.9
3604.822451	1.04	42.42857143	2.9	3.242857143
4996.907047	0	29.14285714	3.242857143	5.1
3641.354155	0.85	38.28571429	5.1	5.071428571
2040.203771	0	36.57142857	5.071428571	4.985714286
1302.209705	0.35	19.85714286	4.985714286	4.6
1568.234156	0.39	29.71428571	4.6	4.528571429
22925.19539	2.14	35.14285714	4.528571429	5.385714286
13196.2611	0.03	22.57142857	5.385714286	6.642857143
3795.529994	0.19	31.71428571	6.642857143	6.742857143
2282.064042	0.15	18.57142857	6.742857143	6.1
1736.86634	0.03	22.85714286	6.1	5.557142857
1578.187073	0	40.85714286	5.557142857	4.928571429
1256.9937	0.08	34.71428571	4.928571429	3.914285714
11256.38822	2.37	33	3.914285714	4.442857143
9117.411756	0	58.85714286	4.442857143	6.871428571
4069.540969	0.26	50.57142857	6.871428571	5.871428571
4048.402877	0.75	45.14285714	5.871428571	5.5
2973.304376	0.23	47.71428571	5.5	5.085714286
7133.062066	0.66	52.85714286	5.085714286	5.214285714
11175.3874	2.24	59.71428571	5.214285714	6.914285714
7605.173172	0.51	51.14285714	6.914285714	7.114285714
4219.250147	0.45	51.14285714	7.114285714	6.514285714
11606.83616	2.18	62.57142857	6.514285714	6.757142857
8520.453377	2.02	46.14285714	5.171428571	5.514285714
12654.356	0.28	23	5.514285714	6.885714286
3766.581408	0.02	28	6.885714286	7.928571429
3005.3075	0	35	7.928571429	7.028571429
3479.770871	0	36.42857143	7.028571429	6.957142857
3340.798101	0.55	39.28571429	6.957142857	6.214285714
6230.925415	1.05	41.14285714	6.214285714	6.528571429
6164.631643	0.36	47.42857143	6.528571429	7.471428571
4712.786927	0.1	36.14285714	7.471428571	6.242857143
13311.19682	1.36	28	6.242857143	7.871428571
22626.93121	1.7	39.28571429	7.871428571	8.685714286
33672.75855	0.45	49	8.685714286	9.014285714
21708.44393	2.18	54.57142857	9.014285714	7.428571429
12171.55176	1.48	49.57142857	7.428571429	7.3
9887.433203	0.17	54.28571429	7.3	6.442857143
5826.630715	0.02	51.85714286	6.442857143	6.085714286
6821.638589	1.23	57.42857143	6.085714286	6.014285714
38486.68813	2.16	60.42857143	6.014285714	7.728571429
27291.57082	0	67.71428571	7.728571429	8.457142857
6422.329489	0.95	71.14285714	8.457142857	9.242857143
12951.22416	1.29	69	9.242857143	8.057142857
4888.631548	1.02	66.85714286	8.057142857	9.9
7421.417068	4.78	65.57142857	9.9	8.757142857
43847.10761	1.73	71.57142857	8.757142857	7.2
30086.38802	2.32	78.71428571	7.2	6.471428571
10849.40687	1.58	78	6.471428571	7
7287.114358	1.62	78.28571429	7	7.142857143
3825.662064	0	76.14285714	7.142857143	7.071428571
2010.668445	0.71	80.28571429	7.071428571	6.428571429
1355.829844	0.73	74	6.428571429	4.6
1392.949852	2.15	75.42857143	4.6	2.785714286
958.0258288	0.2	76.14285714	2.785714286	2.314285714
503.3527025	1.36	76.42857143	2.314285714	0.928571429
320.496877	0	78.42857143	0.928571429	0.771428571
214.7917291	1.69	75.28571429	0.771428571	0.714285714
166.288592	0	73.71428571	0.714285714	0.514285714
141.4062141	0.06	75.57142857	0.514285714	0.514285714
140.095591	0.55	71.14285714	0.514285714	0.471428571
115.2312899	0.19	70.57142857	0.471428571	0.514285714
108.2835005	1.56	59.85714286	0.514285714	0.6
116.0638017	0	59.57142857	0.6	0.614285714
96.69501019	0.58	55	0.614285714	0.6
125.0132488	0.64	61.57142857	0.6	0.5
213.6291339	0.66	44.71428571	0.5	0.657142857
199.7049384	0.86	44.14285714	0.657142857	0.614285714
265.8481819	0	47.42857143	0.614285714	0.657142857
155.7299287	0	48.42857143	0.657142857	0.728571429
132.1056077	0.19	57.28571429	0.728571429	0.6
131.1891173	0.31	43.14285714	0.6	0.614285714
111.9428187	0.01	38.14285714	0.614285714	0.514285714
116.0492971	0.26	25.57142857	0.514285714	0.5
91.5958089	0.67	22.14285714	0.5	0.428571429
130.6566505	0.48	13.28571429	0.428571429	0.371428571
150.8791543	0.2	15.71428571	0.371428571	0.5
482.4543023	0.52	37.57142857	0.5	0.728571429
18433.63156	0.29	39	0.728571429	5.9
7428.024877	0.59	39.71428571	5.9	7.814285714
15308.56585	1.35	43.85714286	7.814285714	8.342857143
7056.912529	0.19	36	8.342857143	8.7
3492.739923	0.12	32.14285714	8.7	9.157142857
4399.504675	0.06	40.71428571	9.157142857	8.185714286
5352.017582	0.18	31.57142857	8.185714286	8.285714286
5042.562808	0	42.42857143	8.285714286	8.914285714
3406.989545	0	42.14285714	8.914285714	8.5
2332.907782	0	53.14285714	8.5	8.157142857
3588.902612	1.72	59.28571429	8.157142857	8.014285714
7580.192876	1.99	49.71428571	8.014285714	8.342857143
25978.78302	1.21	54.57142857	8.342857143	10.02857143
7913.123449	1.04	56.57142857	10.02857143	10.41428571
