    1     2351.149714        2.590488    84868.930288        3.122460        8.690085        4.609499        9.793313       12.808415   5.0
    2     2351.192118        2.764885    86612.940820        3.940573        8.087579        5.626050        9.379919       12.850819   5.0
    3     2351.210959        2.660745    85571.567574        3.940326        7.796318        5.586445        9.038790       12.869660   5.0
    4     2351.630561        0.873664    67701.175281        2.138215        5.195307        3.537726        6.454021       13.289262   5.0
    5     2351.399949        3.352722    92491.526805        6.674464        6.088337        8.057271        7.507058       13.058650   5.0
    6     2351.703886        1.760786    76572.471415        3.275076        6.163434        5.213808        7.770813       13.362587   5.0
    7     2430.763960      232.874587  2387789.532573      489.643707        4.790535     3135.843506        5.984383       92.422661   5.0
    8     2351.762541        0.853598    67500.642339        1.620273        5.190073        2.687646        6.439425       13.421242   5.0
    9     2351.863313        0.778243    66747.193773        1.718744        4.979080        2.891200        6.157299       13.522014   5.0
   10     2351.161951        0.000000    58964.064743        1.131681        2.502837        1.917807        3.322188       12.820652   5.0
   11     2351.214362        0.000000    58964.117154        1.864400        2.409689        3.235780        3.229741       12.873063   5.0
   12     2351.158957        0.000000    58964.061748        0.914356        2.228925        1.521533        3.012779       12.817657   5.0
   13     2013.561019        0.000000    58626.463811        0.902410        2.082637        1.537911        2.850596       12.437576   4.0
   14     2352.107029        0.480161    63766.619635        1.877366        4.144451        3.155306        5.421292       13.765730   5.0
   15     2351.948221        0.476940    63734.252265        2.079279        4.135432        3.570296        5.395527       13.606922   5.0
   16     2013.740729        0.000000    58626.643521        0.982711        2.023333        1.664372        2.794893       12.617287   4.0
   17     2013.353329        0.000000    58626.256120        1.003285        1.744892        1.690302        2.489397       12.229886   4.0
   18     2351.311019        0.000000    58964.213811        1.386745        2.128786        2.460353        2.900591       12.969720   5.0
   19     2351.379923        0.000000    58964.282715        1.892902        2.128413        3.306272        2.909264       13.038624   5.0
   20     2013.635365        0.000000    58626.538157        1.008590        1.392034        1.707425        2.113072       12.511923   4.0
   21     2351.581827        0.000000    58964.484619        1.148777        2.384704        1.926023        3.167835       13.240528   5.0
   22     2351.486649        0.000000    58964.389440        1.141522        2.243061        1.902920        3.035059       13.145350   5.0
   23     2351.581633        0.215645    61120.929510        2.552853        2.210393        4.378208        2.981925       13.240334   5.0
   24     2351.468825        0.134497    60309.341933        2.382444        2.148326        4.087760        2.926698       13.127526   5.0
   25     2013.796963        0.000000    58626.699755        1.218261        2.050091        2.072757        2.829523       12.673520   4.0
   26     2013.867142        0.000000    58626.769933        0.967621        1.622722        1.633682        2.456730       12.743699   4.0
   27     2013.539590        0.000000    58626.442382        1.051194        1.570864        1.787069        2.297529       12.416147   4.0
   28     2351.534353        0.000000    58964.437145        1.972301        1.963885        3.546736        2.741527       13.193054   5.0
   29     2013.499352        0.000000    58626.402144        1.001788        1.467505        1.682238        2.153613       12.375910   4.0
   30     2351.680864        0.000000    58964.583656        1.371961        1.808156        2.335311        2.529235       13.339565   5.0
   31     2013.573993        0.000000    58626.476785        1.171148        1.619018        1.975341        2.368737       12.450550   4.0
   32     2351.455568        0.000000    58964.358360        1.523317        1.824837        2.732422        2.593854       13.114269   5.0
   33     2351.221920        0.000000    58964.124712        1.572552        1.321253        2.753113        2.002955       12.880621   5.0
   34     2013.913906        0.000000    58626.816698        1.112799        1.604300        1.920183        2.414949       12.790463   4.0
   35     2351.429813        0.000000    58964.332605        1.728098        1.568511        3.094798        2.288870       13.088514   5.0
   36     2013.862161        0.000000    58626.764952        1.176743        1.456567        2.005926        2.197571       12.738718   4.0
   37     2351.594619        0.000000    58964.497411        1.416530        1.844449        2.530764        2.605168       13.253320   5.0
   38     2013.698882        0.000000    58626.601674        0.945382        1.449249        1.564109        2.123501       12.575439   4.0
   39     2013.686806        0.000000    58626.589597        1.063273        1.184283        1.812129        1.798284       12.563363   4.0
   40     2013.736257        0.000000    58626.639048        0.936767        1.255100        1.533713        1.866400       12.612814   4.0
   41     2351.562780        0.000000    58964.465572        1.297075        1.625950        2.216076        2.317929       13.221481   5.0
   42     2013.817266        0.000000    58626.720057        1.250179        1.401804        2.103746        2.041831       12.693823   4.0
   43     2351.595171        0.000000    58964.497963        1.711051        1.522049        2.992282        2.199373       13.253872   5.0
   44     2013.508924        0.000000    58626.411716        0.925558        1.148023        1.577548        1.734208       12.385482   4.0
   45     2351.595594        0.253910    61503.596053        2.633210        1.787689        4.590135        2.513642       13.254295   5.0
   46     2013.772663        0.000000    58626.675455        1.040930        1.562712        1.741136        2.243770       12.649220   4.0
   47     2013.945604        0.000000    58626.848396        1.158020        1.417254        1.969392        2.066166       12.822162   4.0
   48     2013.551898        0.000000    58626.454690        1.223557        1.294480        2.068346        1.956995       12.428455   4.0
   49     2013.884800        0.000000    58626.787592        1.180936        1.716104        1.981861        2.416650       12.761357   4.0
   50     2013.921093        0.000000    58626.823885        1.046747        1.690683        1.772531        2.369591       12.797650   4.0
   51     2013.840484        0.000000    58626.743275        1.160093        1.610481        1.941177        2.292168       12.717041   4.0
   52     2013.440723        0.000000    58626.343515        1.286481        1.068375        2.190602        1.638793       12.317281   4.0
   53     2013.550505        0.000000    58626.453296        0.926255        1.250207        1.526328        1.871119       12.427062   4.0
   54     2013.509953        0.000000    58626.412744        1.278991        1.158184        2.198811        1.794099       12.386510   4.0
   55     2013.734297        0.000000    58626.637089        0.944674        1.353731        1.557245        2.028396       12.610854   4.0
   56     2013.681957        0.000000    58626.584749        1.008456        1.195100        1.699826        1.789765       12.558515   4.0
   57     2351.754136        0.000000    58964.656928        1.457610        1.344582        2.469903        1.995686       13.412837   5.0
   58     2351.915201        0.000000    58964.817993        1.415218        1.642654        2.432159        2.423666       13.573902   5.0
   59     2013.826328        0.000000    58626.729120        1.000821        1.283844        1.700293        1.899441       12.702886   4.0
   60     2351.630196        0.000000    58964.532987        1.353114        1.249023        2.344053        1.884483       13.288897   5.0
   61     2013.902714        0.000000    58626.805506        1.076988        1.261592        1.825132        1.873891       12.779271   4.0
   62     2013.792255        0.000000    58626.695047        1.061092        1.277284        1.790674        1.891369       12.668813   4.0
   63     2351.874553        0.000000    58964.777345        1.626805        1.600442        2.895776        2.271827       13.533254   5.0
   64     2351.614226        0.000000    58964.517018        1.324939        1.364613        2.299297        2.041145       13.272927   5.0
   65     2014.055589        0.000000    58626.958380        1.064371        1.682406        1.805612        2.349116       12.932146   4.0
   66     2351.919272        0.000000    58964.822064        1.421859        1.604534        2.403414        2.348348       13.577973   5.0
   67     2013.855761        0.000000    58626.758552        1.025654        1.288786        1.745726        1.904226       12.732318   4.0
   68     2351.706481        0.000000    58964.609273        0.874697        2.167338        1.347398        3.311002       13.365182   5.0
   69     2013.721278        0.000000    58626.624070        1.160133        1.135810        1.958116        1.710721       12.597836   4.0
   70     2351.977962        0.000000    58964.880753        1.432195        1.654132        2.429046        2.419913       13.636662   5.0
   71     2013.940328        0.000000    58626.843119        0.932130        1.421763        1.559637        2.105533       12.816885   4.0
   72     2013.666696        0.000000    58626.569487        0.952847        1.373946        1.577182        2.049491       12.543253   4.0
   73     2014.055736        0.000000    58626.958527        1.230740        1.499224        2.094793        2.218782       12.932293   4.0
   74     2351.701518        0.000000    58964.604310        1.405164        1.265772        2.374178        1.883731       13.360219   5.0
   75     2013.848395        0.000000    58626.751187        1.270649        1.322688        2.155284        1.973038       12.724953   4.0
   76     2013.728508        0.000000    58626.631300        1.096738        1.251589        1.844297        1.850887       12.605065   4.0
   77     2351.325547        0.000000    58964.228339        1.382145        1.212079        2.295444        1.816142       12.984248   5.0
   78     2351.631896        0.000000    58964.534688        1.939831        1.386347        3.363055        2.040319       13.290597   5.0
   79     2013.589943        0.000000    58626.492735        1.277842        1.109078        2.189554        1.679378       12.466500   4.0
   80     2013.748247        0.000000    58626.651039        1.024606        1.325924        1.711465        1.975826       12.624804   4.0
   81     2013.961753        0.000000    58626.864545        1.142998        1.392468        1.950592        2.056382       12.838310   4.0
   82     2013.707209        0.000000    58626.610000        1.094330        1.225690        1.855460        1.821636       12.583766   4.0
   83     2013.864227        0.000000    58626.767019        1.208469        1.501019        2.086224        2.238056       12.740785   4.0
   84     2013.871643        0.000000    58626.774435        1.100572        1.313836        1.886698        1.961449       12.748200   4.0
   85     2013.825027        0.000000    58626.727818        0.968651        1.361469        1.620382        1.994626       12.701584   4.0
   86     2013.949207        0.000000    58626.851999        1.112758        1.438302        1.885378        2.127736       12.825765   4.0
   87     2013.789145        0.000000    58626.691936        1.233103        1.287727        2.079268        1.892016       12.665702   4.0
   88     2351.647258        0.000000    58964.550050        1.318311        1.215915        2.237989        1.798851       13.305959   5.0
   89     2013.729187        0.000000    58626.631979        1.070478        1.310910        1.824083        1.969250       12.605744   4.0
   90     2351.905239        0.000000    58964.808031        1.335716        1.399544        2.263178        2.042185       13.563940   5.0
   91     2014.143291        0.000000    58627.046082        1.073535        1.566404        1.828488        2.298738       13.019848   4.0
   92     2014.061015        0.000000    58626.963807        1.251527        1.317848        2.127216        1.941758       12.937572   4.0
   93     2351.524725        0.000000    58964.427517        1.457855        1.293554        2.419707        1.913015       13.183426   5.0
   94     2014.047556        0.000000    58626.950348        0.993164        1.827612        1.666055        2.723575       12.924113   4.0
   95     2013.875845        0.000000    58626.778637        1.257365        1.334912        2.131209        1.977743       12.752402   4.0
   96     2013.427651        0.000000    58626.330443        1.177624        1.168470        2.006956        1.760852       12.304209   4.0
   97     2013.816778        0.000000    58626.719570        1.255914        1.273869        2.127742        1.898436       12.693336   4.0
   98     2351.738558        0.000000    58964.641350        0.906887        2.677815        1.540341        4.023516       13.397259   5.0
   99     2013.751621        0.000000    58626.654413        1.152787        1.380932        1.938702        2.062467       12.628179   4.0
  100     2013.924162        0.000000    58626.826954        0.914985        1.836972        1.426163        2.738013       12.800719   4.0
