    1     2504.633248        1.994361    80803.084334        1.364306        8.384212        2.244159        9.592686       11.892634   5.0
    2     2504.663547        1.637362    77233.118275        1.687199        7.384613        2.748776        8.817522       11.922933   5.0
    3     2504.873327        1.452306    75382.770728        1.727389        6.866457        2.885886        8.417411       12.132713   5.0
    4     2504.807209        0.521346    66073.108191        0.922933        4.259769        1.507824        5.244183       12.066595   5.0
    5     2504.808570        0.404562    64905.264422        1.743251        3.932773        2.993888        4.978367       12.067956   5.0
    6     2504.948555        0.252721    63386.998135        1.103358        3.507619        1.629329        4.516866       12.207941   5.0
    7     2504.820592        0.189090    62750.554975        1.010218        3.329451        1.528508        4.379210       12.079978   5.0
    8     2504.899402        0.124326    62103.000336        0.947604        3.148113        1.434890        4.187801       12.158788   5.0
    9     2504.998744        0.058242    61442.253594        0.877955        2.963077        1.451563        3.960388       12.258130   5.0
   10     2504.977896        0.149165    62351.463232        1.084574        3.217661        1.626310        4.246953       12.237282   5.0
   11     2505.028205        0.101058    61870.450488        1.488952        3.082963        2.519279        4.116690       12.287591   5.0
   12     2504.940729        0.068140    61541.179300        0.884394        2.990792        1.281702        3.971669       12.200115   5.0
   13     2505.126915        0.000000    60859.965186        0.913101        2.741188        1.431512        3.717047       12.386301   5.0
   14     2166.599934        0.000000    60521.438205        0.833337        1.881570        1.314828        2.699687       11.873334   4.0
   15     2166.288219        0.000000    60521.126491        1.004526        1.631370        1.474844        2.535395       11.561620   4.0
   16     2505.307944        0.000000    60860.146216        0.955192        2.680153        1.515115        3.663881       12.567330   5.0
   17     2505.000713        0.000000    60859.838985        0.913529        2.329327        1.377999        3.437749       12.260099   5.0
   18     2505.017567        0.000000    60859.855838        1.245322        2.769209        1.979526        3.754934       12.276953   5.0
   19     2505.122036        0.000000    60859.960307        1.538017        2.721744        2.624663        3.718244       12.381422   5.0
   20     2166.647689        0.000000    60521.485960        0.976761        1.895128        1.418890        2.722888       11.921089   4.0
   21     2505.283360        0.102462    61884.740003        1.072308        3.086893        1.764938        4.080550       12.542746   5.0
   22     2505.204461        0.030954    61169.585839        1.023281        2.886672        1.662323        3.894249       12.463847   5.0
   23     2505.186478        0.014818    61008.207856        1.911959        2.841491        3.315608        3.836042       12.445864   5.0
   24     2505.156136        0.000000    60859.994407        1.799102        2.728064        3.072499        3.729438       12.415522   5.0
   25     2505.385357        0.000000    60860.223628        1.112347        2.625248        1.816178        3.584263       12.644743   5.0
   26     2166.804576        0.000000    60521.642847        0.909617        2.024723        1.400462        2.870134       12.077976   4.0
   27     2166.698661        0.000000    60521.536932        1.028159        1.982581        1.717477        2.924803       11.972061   4.0
   28     2505.172389        0.000000    60860.010660        1.709124        2.551463        2.775905        3.508664       12.431775   5.0
   29     2166.580098        0.000000    60521.418369        0.938185        1.859546        1.514440        2.733549       11.853498   4.0
   30     2505.465749        0.000000    60860.304020        1.189593        2.282334        1.982457        3.176923       12.725135   5.0
   31     2505.224365        0.000000    60860.062637        1.109653        2.041292        1.687851        2.981822       12.483751   5.0
   32     2505.154810        0.000000    60859.993081        1.311059        2.371199        2.171929        3.331400       12.414196   5.0
   33     2166.572125        0.000000    60521.410397        1.338153        1.624404        2.128152        2.489780       11.845526   4.0
   34     2166.759613        0.000000    60521.597884        1.085540        2.067094        1.540129        2.922676       12.033013   4.0
   35     2505.237576        0.000000    60860.075847        1.414149        1.961582        2.364603        2.864586       12.496962   5.0
   36     2166.865343        0.000000    60521.703614        1.023060        1.797160        1.599757        2.628950       12.138743   4.0
   37     2505.284726        0.000000    60860.122997        1.200764        2.386330        1.959565        3.337381       12.544112   5.0
   38     2166.712716        0.000000    60521.550987        0.947636        1.889296        1.418830        2.879505       11.986116   4.0
   39     2166.835935        0.000000    60521.674206        1.030242        1.515032        1.684986        2.301993       12.109335   4.0
   40     2166.758271        0.000000    60521.596543        0.900383        1.877207        1.350004        2.926223       12.031672   4.0
   41     2166.753901        0.000000    60521.592172        1.206845        2.001645        1.851147        2.877208       12.027301   4.0
   42     2166.800624        0.000000    60521.638895        1.046463        1.785722        1.667960        2.613412       12.074024   4.0
   43     2505.273273        0.000000    60860.111544        1.409229        2.017982        2.369713        3.027434       12.532659   5.0
   44     2166.667701        0.000000    60521.505972        0.925845        1.424937        1.521666        2.293061       11.941101   4.0
   45     2505.256017        0.000000    60860.094288        1.896851        2.307125        3.318786        3.220367       12.515403   5.0
   46     2166.735956        0.000000    60521.574227        0.958239        2.007376        1.540749        2.871497       12.009356   4.0
   47     2166.929491        0.000000    60521.767762        1.080170        1.849276        1.779874        2.677624       12.202891   4.0
   48     2166.588065        0.000000    60521.426336        1.205397        1.875024        1.729335        2.920188       11.861465   4.0
   49     2505.500869        0.000000    60860.339140        1.095837        2.189556        1.741173        3.073862       12.760255   5.0
   50     2505.496479        0.000000    60860.334750        0.991121        2.183737        1.608728        3.046430       12.755865   5.0
   51     2166.826135        0.000000    60521.664406        1.052848        2.031412        1.706081        2.893463       12.099535   4.0
   52     2166.609370        0.000000    60521.447642        1.157811        1.181456        1.758784        1.994979       11.882771   4.0
   53     2166.656906        0.000000    60521.495177        0.990261        1.496363        1.305429        2.395128       11.930306   4.0
   54     2166.636758        0.000000    60521.475029        1.241997        1.399398        1.854004        2.210291       11.910158   4.0
   55     2166.813091        0.000000    60521.651363        0.874885        1.491042        1.338848        2.403552       12.086492   4.0
   56     2166.847664        0.000000    60521.685935        0.993455        1.563528        1.648890        2.556687       12.121064   4.0
   57     2166.986697        0.000000    60521.824968        1.319777        1.689606        2.184756        2.544293       12.260098   4.0
   58     2166.995038        0.000000    60521.833309        1.134828        1.941578        1.836184        2.862491       12.268438   4.0
   59     2166.915007        0.000000    60521.753278        0.947283        1.605382        1.575158        2.509055       12.188407   4.0
   60     2166.871091        0.000000    60521.709362        1.170570        1.587043        1.871996        2.399363       12.144491   4.0
   61     2167.010025        0.000000    60521.848296        1.035971        1.459563        1.728180        2.354037       12.283425   4.0
   62     2166.870308        0.000000    60521.708579        0.976059        1.554454        1.583164        2.458769       12.143708   4.0
   63     2166.901259        0.000000    60521.739531        1.309270        2.066502        2.189152        2.928771       12.174660   4.0
   64     2166.829361        0.000000    60521.667632        1.085487        1.599075        1.728334        2.411919       12.102761   4.0
   65     2505.553341        0.000000    60860.391612        0.970147        2.224983        1.575713        3.073738       12.812727   5.0
   66     2167.065350        0.000000    60521.903621        1.239149        1.876550        2.048162        2.797611       12.338750   4.0
   67     2166.982105        0.000000    60521.820377        0.995164        1.489291        1.635786        2.387532       12.255506   4.0
   68     2505.502990        0.000000    60860.341261        0.903189        2.183158        1.258707        3.097769       12.762376   5.0
   69     2166.921860        0.000000    60521.760131        1.081512        1.355265        1.753883        2.205739       12.195260   4.0
   70     2167.163186        0.000000    60522.001457        1.280977        1.935203        2.124826        2.864103       12.436586   4.0
   71     2166.998185        0.000000    60521.836456        0.873032        1.542191        1.413099        2.437794       12.271585   4.0
   72     2166.800690        0.000000    60521.638961        0.942473        1.415357        1.488115        2.300910       12.074090   4.0
   73     2167.049824        0.000000    60521.888095        1.092397        1.757425        1.798645        2.628486       12.323224   4.0
   74     2166.983842        0.000000    60521.822113        1.303942        1.524673        2.157277        2.346259       12.257242   4.0
   75     2166.960315        0.000000    60521.798586        1.203208        1.543252        1.981047        2.350340       12.233715   4.0
   76     2166.863152        0.000000    60521.701423        1.038486        1.539206        1.677763        2.427251       12.136552   4.0
   77     2166.696964        0.000000    60521.535236        1.335772        1.210512        1.883580        2.050197       11.970365   4.0
   78     2505.414243        0.000000    60860.252514        1.545943        1.543564        2.642554        2.460395       12.673629   5.0
   79     2166.866257        0.000000    60521.704528        1.227316        1.162292        2.044935        1.974981       12.139657   4.0
   80     2166.903335        0.000000    60521.741606        0.960832        1.256067        1.542514        2.067580       12.176735   4.0
   81     2166.900432        0.000000    60521.738703        1.106776        1.826110        1.617597        2.754891       12.173832   4.0
   82     2166.806816        0.000000    60521.645087        1.108478        1.295322        1.597445        2.154454       12.080216   4.0
   83     2166.897179        0.000000    60521.735450        1.071389        1.647980        1.639196        2.455133       12.170579   4.0
   84     2166.975834        0.000000    60521.814105        1.042682        1.445895        1.711798        2.229314       12.249234   4.0
   85     2166.931068        0.000000    60521.769340        0.945880        1.576203        1.511002        2.490607       12.204469   4.0
   86     2166.970454        0.000000    60521.808726        1.073889        1.693341        1.666204        2.541172       12.243855   4.0
   87     2166.929475        0.000000    60521.767746        1.212528        1.562809        2.005445        2.462396       12.202875   4.0
   88     2167.032945        0.000000    60521.871216        1.252356        1.384213        2.086515        2.250606       12.306345   4.0
   89     2166.891639        0.000000    60521.729910        1.060425        1.373949        1.644050        2.106439       12.165039   4.0
   90     2167.124412        0.000000    60521.962683        1.252540        1.761318        2.079053        2.607672       12.397812   4.0
   91     2167.088500        0.000000    60521.926771        1.014719        1.913460        1.693008        2.764242       12.361900   4.0
   92     2167.081055        0.000000    60521.919326        1.144748        1.625748        1.896012        2.531702       12.354455   4.0
   93     2166.850541        0.000000    60521.688812        1.307459        1.354772        1.936096        2.231078       12.123941   4.0
   94     2167.070208        0.000000    60521.908479        0.946663        1.980708        1.440209        2.820619       12.343608   4.0
   95     2166.950899        0.000000    60521.789170        1.198519        1.576651        1.966218        2.382310       12.224299   4.0
   96     2166.711920        0.000000    60521.550191        1.161260        0.955745        1.921640        1.570479       11.985320   4.0
   97     2166.932831        0.000000    60521.771102        1.186157        1.406668        1.966227        2.189079       12.206231   4.0
   98     2505.535991        0.000000    60860.374262        0.949105        2.730983        1.397574        3.786161       12.795377   5.0
   99     2166.830194        0.000000    60521.668465        1.041191        1.488084        1.630524        2.220774       12.103594   4.0
  100     2167.026784        0.000000    60521.865055        0.952171        1.947230        1.315066        2.784868       12.300184   4.0
