1.791996
4.425423
-0.020263
-2.036813
1.036725
9.443687
-3.674300
2.608195
-0.601693
1.631382
-2.155393
1.721840
-11.683825
-3.998807
-0.033195
-4.530612
-0.204589
2.500467
4.448129
2.420827
-0.580686
-14.964165
6.441956
-2.320160
-6.454704
-8.417003
0.050550
5.841281
0.951182
2.952645
0.060909
0.136810
0.541636
3.234138
5.958438
-11.396150
-9.566837
-4.074703
-0.017973
-6.861912
-0.018594
0.817083
4.255991
0.620973
0.457086
-2.042956
0.264565
8.673491
-4.816502
0.551444
-0.091293
1.071970
-0.222322
-0.386230
7.216261
-3.181632
-0.185914
-4.387197
4.366925
8.696368
3.280085
0.449069
-0.014694
-0.942143
-0.349654
-1.383004
-3.558261
-4.950204
-0.337022
5.779133
-1.703988
3.088905
8.444265
-0.510390
-0.011822
-1.914878
0.183134
-2.698868
-1.438492
-1.136642
0.224360
-0.241602
0.021787
-0.537505
10.579175
1.097638
-0.051362
-0.428399
-0.082236
1.188443
4.391034
-1.724293
-0.175505
-0.785125
-0.995655
2.283439
-4.431290
-1.059199
0.029401
-1.451469
0.029937
0.565106
0.399213
3.850055
0.096358
-10.779551
-2.359994
-5.325778
-2.062920
-1.592877
-0.001941
-2.182534
0.308046
3.928225
-2.339298
-0.209590
0.987719
1.592157
2.815103
1.635854
-12.127237
0.313667
-0.035001
0.954855
0.136918
0.860820
-3.192219
-1.187512
-0.037759
-0.704212
2.571719
-1.335960
-12.295771
0.463784
-0.044821
-0.392390
-0.255718
0.507457
-2.087795
-0.267460
-0.919534
-9.772530
1.305999
2.816640
14.767088
-0.626814
-0.007713
1.801852
0.165650
2.249149
-1.115751
-0.678137
0.389034
2.077162
1.482326
0.623460
4.065427
1.212784
0.006575
0.346107
-0.024035
0.051747
0.126798
-1.778208
-0.000771
1.586319
1.656992
-3.321127
8.060920
2.278617
0.112507
-3.326219
1.167873
-1.781081
1.145367
-0.370404
0.298379
-2.039032
-1.533878
4.356863
-7.691630
1.653696
0.025597
-4.013748
1.638099
-0.485363
0.252951
2.551379
-0.416231
-2.057159
-1.527172
11.285574
-8.658092
-1.501772
0.109779
-4.707482
1.643450
2.825730
2.695322
-9.244522
-0.988959
0.208908
-2.615377
-1.942168
-0.482016
0.556827
0.207300
1.984333
2.589121
0.251941
12.365246
-6.527306
-2.408906
-2.897782
-2.118390
5.729993
1.692428
3.228904
0.395126
4.054180
-6.634634
0.949149
-2.301269
13.026861
0.007486
0.011850
-6.980717
0.033315
-1.928835
2.888382
-0.003531
9.160706
4.283162
-1.301017
0.123317
-2.247208
3.690353
-1.516249
-1.554741
-12.113573
5.408169
-0.461485
-0.005799
-10.277974
9.303225
-1.107106
3.573857
-15.269192
-3.184644
3.016796
1.602737
5.912354
-0.358230
-2.500740
0.138106
4.896181
1.742068
-5.935084
-5.696291
1.934066
-1.748341
-5.804597
2.799123
0.598210
-0.382120
4.002625
0.096444
-3.163644
1.214920
-1.405725
4.736419
-2.247281
0.517960
-2.485990
1.447878
2.908095
0.346360
-3.502737
0.293789
0.133961
0.039023
2.389647
1.652324
3.647065
-0.734366
1.016140
1.604059
3.078296
10.692864
-5.588271
0.304331
3.471963
1.788193
-0.924567
1.149155
4.265411
-1.613913
10.539631
3.368922
-1.798642
0.681501
7.344476
-0.016829
-10.303807
-10.394667
11.712506
-3.164033
16.008354
2.996149
8.181821
-0.580733
-4.901834
-5.743447
-1.697256
-0.000189
-3.953361
1.182245
-2.712629
-7.281987
-6.105171
1.979643
3.624977
3.213324
4.612248
-3.118226
-5.222708
0.294663
10.836419
-3.887958
-5.450840
1.434584
-1.319180
2.241809
-8.902403
4.089228
0.405953
-0.188782
-0.528081
0.935299
-2.656259
2.363074
-0.069868
2.756786
-3.545521
-2.120353
-0.645956
-1.388356
4.763825
0.020811
0.019873
-0.011245
-0.057904
-0.686796
-0.333908
0.028128
0.059921
-0.113555
0.017464
0.008529
0.048659
0.001348
0.015483
0.022109
0.014760
0.018615
-0.117850
0.009597
0.010972
-0.038038
-0.044287
-0.042529
-0.019719
0.080168
0.029096
