-0.5	-0.357	-0.333	-0.286	-0.304	-0.333	-0.5	-1	0.2	1	-0.2	-1	1	1	0.718	-1	-1	-1	-1	-1	-1	-1	0.957	0.912	-1	-1	-0.665	-0.567	-0.083	-0.244	
-0.5	-0.357	-0.333	-0.286	-0.304	-1	-0.5	-1	0.2	1	0.2	-0.8	1	1	0.715	-1	-1	-1	-1	-1	-1	-1	0.863	0.912	-1	-1	-0.671	-0.575	-0.063	-0.229	
-0.5	-0.357	-0.333	-0.286	-0.304	-0.333	-0.75	-0.75	0.6	0.6	0.2	-0.8	1	1	0.969	-1	-1	-1	-1	-1	-1	-1	0.957	0.978	-1	-1	-0.646	-0.543	-0.142	-0.305	
-0.5	-0.357	-0.333	-0.286	0.043	-1	-0.5	-1	0.2	1	0.2	-0.8	1	1	0.697	-0.236	-1	-1	-1	-1	-1	-1	0.941	0.912	-1	-1	-0.621	-0.511	-0.218	-0.353	
-0.5	-0.357	-0.333	-0.286	-0.304	-1	-0.5	-1	0.2	1	-1	-0.6	1	1	0.701	-1	-1	-1	-1	-1	-1	-1	0.949	0.891	-1	-1	-0.668	-0.571	-0.073	-0.238	
-0.5	-0.357	-0.333	-0.286	-0.304	-0.333	-0.5	-0.25	0.8	1	-0.2	-0.6	1	1	0.836	-1	-1	-1	-1	-1	-1	-1	0.949	0.951	-1	-1	-0.656	-0.556	-0.109	-0.268	
-0.5	-0.357	-0.333	-0.286	0.043	-0.333	0	-0.25	0.2	1	-0.2	-0.6	1	0.429	0.703	-1	-1	-1	-1	-1	-1	-1	0.941	0.912	-1	-1	-0.667	-0.57	-0.076	-0.239	
-0.5	-0.357	-0.333	-0.286	-0.304	-0.333	-0.5	-1	-0.2	0.6	-1	-0.6	1	1	0.844	-1	-1	-1	-1	-1	-1	-1	0.84	0.951	-1	-1	-0.662	-0.564	-0.092	-0.261	
-0.5	-0.357	-0.333	-0.286	0.043	-1	-0.5	-1	0.2	0.6	-1	-0.6	1	1	0.812	-1	-1	-1	-1	-1	-1	-1	0.945	0.943	-1	-1	-0.658	-0.559	-0.103	-0.26	
-0.5	-0.357	-0.333	-0.286	-0.043	0.111	-0.5	-1	0.2	1	0.2	-0.8	1	1	0.715	-0.196	-1	-1	-1	-1	-1	-1	0.957	0.881	-1	-1	-0.619	-0.508	-0.225	-0.36	
-0.5	-0.357	-0.333	-0.286	-0.304	-1	-0.75	-0.75	0.2	1	-0.6	0	1	1	0.578	-1	-1	-1	-1	-1	-1	-1	0.957	0.883	-1	-1	-0.675	-0.581	-0.049	-0.215	
-0.5	-0.357	-0.333	-0.286	-0.304	-0.333	-1	-1	0.2	1	-1	-0.6	1	1	0.707	-1	-1	-1	-1	-1	-1	-1	0.816	0.947	-1	-1	-0.672	-0.577	-0.058	-0.222	
-0.5	-0.357	-0.333	-0.286	0.478	-1	0	-1	0.2	0.6	-0.2	-0.6	1	1	0.871	-0.337	-1	-1	-1	-1	-1	-1	0.828	0.951	-1	-1	-0.621	-0.511	-0.217	-0.361	
-0.167	-0.357	-0.333	-0.286	-0.304	-0.333	-0.5	-1	-0.4	1	-1	-0.6	1	1	0.75	-0.674	-1	-1	-1	-1	-1	-1	0.965	0.977	-1	-1	-0.639	-0.534	-0.17	-0.228	
-0.5	-0.357	-0.333	-0.286	0.043	-0.333	-0.5	-1	0.2	1	-1	-0.6	1	1	0.543	-1	-0.644	-1	-1	-1	-1	-1	0.816	0.975	-1	-1	-1	-0.277	-0.051	-0.196	
-0.5	-0.357	-0.333	-0.286	-0.304	-1	-0.5	-1	0.6	0.6	-1	-0.6	1	1	0.844	-1	-1	-1	-1	-1	-1	-1	0.855	0.98	-1	-1	-0.659	-0.56	-0.099	-0.263	
-0.167	-0.357	-0.333	-0.286	-0.304	-1	-0.5	-1	0.6	0.6	-1	-0.6	1	1	0.703	-1	-1	-1	-1	-1	-1	-1	0.98	0.922	-1	-1	-0.664	-0.566	-0.092	-0.136	
-0.5	-0.357	-0.333	-0.286	-0.304	-0.333	-0.5	-1	0.2	1	-0.2	-0.6	1	-0.143	0.699	-1	-1	-1	-1	-1	-1	-1	0.832	0.912	-1	-1	-0.673	-0.579	-0.053	-0.222	
-0.5	-0.357	-0.333	-0.286	-0.043	0.111	-0.5	-1	0.8	1	0.2	-0.8	1	1	0.859	-1	-1	-1	-1	-1	-1	-1	0.941	0.885	-1	-1	-0.659	-0.56	-0.102	-0.272	
-0.5	-0.357	-0.333	-0.286	0.043	-0.333	-0.5	-1	0.2	1	-1	-0.6	1	1	0.543	-1	-0.644	-1	-1	-1	-1	-1	0.82	0.474	-1	-1	-1	-0.335	0.038	-0.178	
-0.5	-0.357	-0.333	-0.286	0.043	-0.333	-0.5	-1	0.2	1	-1	-0.6	1	1	0.543	-1	-0.644	-1	-1	-1	-1	-1	0.82	0.474	-1	-1	-1	-0.335	0.038	-0.178	
-0.5	-0.357	-0.333	-0.286	-0.304	-1	-0.5	-1	-0.2	0.6	-1	-0.6	1	1	0.969	-1	-1	-1	-1	-1	-1	-1	0.824	0.891	-1	-1	-0.659	-0.56	-0.101	-0.291	
-0.5	-0.357	-0.167	-0.857	-0.304	-1	0	-1	0.8	1	-0.2	-0.6	1	1	0.84	-0.431	-1	-1	-1	-1	-1	-1	0.816	0.949	-1	-1	-0.63	-0.522	-0.195	-0.315	
-0.5	-0.357	-0.333	-0.286	0.043	-1	-0.5	-1	0.8	1	-1	-0.6	1	1	0.871	-1	-1	-1	-1	-1	-1	-1	0.945	0.975	-1	-1	-0.653	-0.552	-0.12	-0.279	
-0.5	-0.357	-0.333	-0.286	-0.304	-1	-0.5	-1	1	0.6	-0.2	-1	1	1	0.969	-1	-1	-1	-1	-1	-1	-1	0.965	0.951	-1	-1	-0.647	-0.544	-0.139	-0.305	
-0.5	-0.357	-0.333	-0.286	-0.739	-1	-0.5	-1	0.2	1	-1	-0.6	1	1	0.773	-1	-1	-1	-1	-1	-1	-1	0.949	0.971	-1	-1	-0.658	-0.559	-0.102	-0.254	
-0.5	-0.357	-0.333	-0.286	0.478	-0.333	-0.5	-0.25	0.8	1	-0.2	-0.6	1	1	0.871	-1	-1	-1	-1	-1	-1	-1	0.941	0.975	-1	-1	-0.653	-0.552	-0.119	-0.279	
-0.167	-0.357	-0.333	-0.286	-0.739	-1	-0.5	-1	0.2	1	-1	-0.6	1	1	0.906	-1	-1	-1	-1	-1	-1	-1	0.949	0.851	-1	-1	-0.658	-0.558	-0.112	-0.18	
-0.5	-0.357	-0.333	-0.286	0.217	-0.111	0	-1	0.2	1	-1	-0.2	1	1	0.578	-0.306	-1	-1	-1	-1	-1	-1	0.816	0.943	-1	-1	-0.638	-0.533	-0.166	-0.317	
-0.167	-0.357	-0.333	-0.286	-0.739	-0.333	-0.75	-0.75	0.2	1	-1	-0.2	1	1	0.828	-1	-1	-1	-1	-1	-1	-1	0.945	0.975	-1	-1	-0.655	-0.555	-0.122	-0.165	
-0.5	-0.357	-0.333	-0.286	-0.304	-0.333	-0.5	-1	0.2	1	0.2	-0.8	1	-0.143	0.761	-1	-1	-1	-1	-1	-1	-1	0.961	0.943	-1	-1	-0.66	-0.561	-0.097	-0.253	
-0.667	-0.214	-0.333	-0.286	-0.043	0.111	-0.25	-0.75	-0.2	0.6	-0.6	0	1	1	0.306	-0.556	-1	-1	-1	-1	-1	-1	0.957	0.951	-1	-1	-0.661	-0.562	-0.096	-0.138	
-0.75	-0.857	-0.333	-0.286	-0.304	-1	-0.5	-1	0.6	0.6	-1	-0.6	1	1	0.902	-1	-1	-1	-1	-1	-1	-1	0.957	0.939	-1	-1	-0.652	-0.551	0.267	0.126	
-0.167	-0.357	-0.333	-0.286	-0.304	-1	-0.5	-1	0.2	1	-1	-1	1	1	0.202	-0.259	-1	-1	-1	-1	-1	-1	0.973	0.891	-1	-1	-0.652	-0.55	-0.131	-0.214	
-0.667	-0.214	-0.333	-0.286	-0.304	0.333	-0.5	-1	0.2	1	-0.6	0	0.714	0.714	0.609	-0.361	-1	-1	-1	-1	-1	-1	0.949	0.443	-1	-1	-0.662	-0.563	-0.09	-0.206	
-0.5	-0.357	-0.333	-0.286	-0.304	-1	-1	-1	-0.6	0.6	-0.2	-0.6	1	1	0.875	-1	-1	-1	-1	-1	-1	-1	0.941	0.971	-1	-1	-0.653	-0.552	-0.119	-0.28	
-0.167	-0.357	-0.333	-0.286	-0.304	-0.333	-0.5	-1	0.6	0.6	0.6	-1	1	1	0.703	-0.134	-1	-1	-1	-1	-1	-1	0.98	0.891	-1	-1	-0.614	-0.501	-0.243	-0.3	
-0.5	-0.357	-0.333	-0.286	0.043	0.333	-0.5	-0.25	0.8	1	-0.2	-0.6	1	1	0.808	-0.369	-1	-1	-1	-1	-1	-1	0.953	0.975	-1	-1	-0.618	-0.507	-0.225	-0.357	
-0.5	-0.357	-0.333	-0.286	-0.043	0.111	-1	-1	0.2	1	-1	-0.6	1	1	0.578	-0.087	-1	-1	-1	-1	-1	-1	0.832	0.912	-1	-1	-0.626	-0.517	-0.204	-0.345	
-0.667	-0.214	-0.333	-0.286	-0.739	-1	-1	-1	0.2	1	-1	-0.6	1	1	0.81	-1	-1	-1	-1	-1	-1	-1	0.836	0.926	-1	-1	-0.666	-0.569	-0.077	-0.153	
-0.5	-0.357	-0.333	-0.286	-0.304	0.333	-0.75	-0.75	0.2	1	0.2	-0.8	1	1	0.625	-0.144	-1	-1	-1	-1	-1	-1	0.82	0.801	-1	-1	-1	-0.291	-0.099	-0.34	
-0.5	-0.357	-0.333	-0.286	0.217	-0.778	0	-1	-0.8	1	-0.2	-0.6	1	1	0.562	-0.361	-1	-1	-1	-1	-1	-1	0.953	0.982	-1	-1	-0.632	-0.525	-0.186	-0.318	
-0.5	-0.357	-0.333	-0.286	0.043	-0.333	-1	-1	0.2	1	0.2	-0.8	-0.143	1	0.824	-0.681	-0.926	-1	-1	-1	-1	-1	0.863	0.787	-1	-1	-1	-0.306	-0.067	-0.309	
-0.167	-0.357	-0.333	-0.286	0.043	0.333	-0.5	-1	0.2	1	-1	-1	1	1	0.699	-0.189	-1	-1	-1	-1	-1	-1	0.957	0.881	-1	-1	-0.619	-0.509	-0.229	-0.291	
-0.167	-0.357	-0.333	-0.286	-0.739	-0.333	-0.75	-0.75	0.2	1	0.6	-0.2	1	1	0.984	-1	-1	-1	-1	-1	-1	-1	0.965	0.951	-1	-1	-0.646	-0.543	-0.151	-0.206	
-0.667	-0.214	-0.333	-0.286	-0.739	-1	-0.75	-0.75	0.6	0.6	0.2	-0.8	1	1	0.546	-0.052	-1	-1	-1	-1	-1	-1	0.949	0.896	-1	-1	-0.62	-0.509	-0.22	-0.263	
-0.167	-0.357	-0.333	-0.286	-0.739	-1	-1	-1	0.6	0.6	0.2	-0.8	1	0.429	0.969	-1	-1	-1	-1	-1	-1	-1	0.941	0.867	-1	-1	-0.653	-0.553	-0.125	-0.196	
-0.5	-0.357	-0.333	-0.286	-0.739	-1	-1	-1	0.6	0.6	-1	-0.6	1	1	0.957	-1	-1	-1	-1	-1	-1	-1	0.941	0.939	-1	-1	-0.65	-0.548	-0.13	-0.301	
-0.167	-0.357	-0.333	-0.286	0.043	0.333	-1	-0.25	0.2	1	-0.2	-1	1	1	0.715	-0.478	-1	-1	-1	-1	-1	-1	0.957	0.943	-1	-1	-0.632	-0.525	-0.191	-0.251	
-0.167	-0.357	-0.333	-0.286	-0.739	-0.333	-0.5	-1	0.6	0.6	-1	-1	1	1	0.578	-0.134	-1	-1	-1	-1	-1	-1	0.988	0.922	-1	-1	-1	-0.262	-0.141	-0.287	
-0.5	-0.357	-0.333	-0.286	0.217	0.556	-0.5	-1	0.2	1	-1	-0.6	1	1	0.844	-0.478	-1	-1	-1	-1	-1	-1	0.941	0.881	-1	-1	-0.629	-0.521	-0.196	-0.345	
-0.167	-0.357	-0.333	-0.286	-0.304	-0.333	-0.75	-0.75	-0.8	1	0.2	-0.4	1	1	0.984	-1	-1	-1	-1	-1	-1	-1	0.957	0.947	-1	-1	-0.647	-0.544	-0.149	-0.205	
-0.167	-0.357	-0.333	-0.286	-0.043	0.111	0	-0.25	0.8	1	-1	-0.6	1	1	0.844	-0.494	-1	-1	-1	-1	-1	-1	0.941	0.943	-1	-1	-0.626	-0.517	-0.211	-0.264	
-0.5	-0.357	-0.167	-0.857	-0.739	-1	-0.5	-1	0.8	1	0.2	-0.8	1	1	0.546	-0.435	-1	-1	-1	-1	-1	-0.934	0.828	0.943	-1	-1	-1	-0.298	-0.082	-0.225	
-0.5	-0.357	-0.333	-0.286	-0.739	-1	-0.5	-1	0.6	0.6	0.6	-1	1	1	0.718	-1	-1	-1	-1	-1	-1	-1	0.887	0.984	-1	-1	-0.665	-0.567	-0.083	-0.237	
-0.167	-0.357	-0.333	-0.286	0.043	-1	-0.75	0	0.8	1	-0.2	-0.6	1	1	0.996	-0.994	-1	-1	-1	-1	-1	-1	0.957	0.453	-1	-1	-0.675	-0.581	-0.056	-0.187	
-0.167	-0.357	-0.333	-0.286	-0.739	-0.333	-0.5	-1	0.8	1	-1	-1	0.714	0.714	0.531	-0.095	-1	-1	-1	-1	-1	-1	0.988	0.922	-1	-1	-1	-0.263	-0.139	-0.286	
-0.167	-0.357	-0.333	-0.286	-0.739	0.333	-0.5	-0.25	0.8	1	-0.2	-0.6	1	1	0.875	-0.361	-1	-1	-1	-1	-1	-1	0.949	0.982	-1	-1	-0.613	-0.501	-0.244	-0.291	
-0.167	-0.357	-0.75	-0.429	-0.304	0.333	-1	-1	0.8	1	-0.2	-0.6	1	0.429	0.374	-0.369	-1	-1	-1	-1	-1	-1	0.953	0.943	-1	-1	-0.646	-0.543	-0.146	-0.053	
-0.5	-0.357	-0.333	-0.286	0.043	-0.333	-0.5	-1	0.2	1	-1	-0.2	-0.143	1	0.593	-0.165	-1	-1	-1	-1	-1	-1	0.941	0.412	-1	-1	-0.653	-0.552	-0.123	-0.328	
-0.5	-0.357	-0.333	-0.286	0.043	-1	0	-1	0.2	1	-1	-0.6	-0.143	0.429	0.578	-1	-1	-1	-1	-1	-1	-1	0.953	0.99	-1	-1	-0.669	-0.573	-0.069	-0.218	
-0.5	-0.357	-0.333	-0.286	0.478	-1	-0.5	-1	0.2	1	-0.6	0	-0.143	0.429	0.953	-0.685	-1	-1	-1	-1	-1	-1	0.957	0.92	-1	-1	-0.631	-0.524	-0.187	-0.34	
-0.5	-0.357	-0.333	-0.286	-0.304	-1	-0.5	-0.25	0.2	1	-1	-0.6	-0.143	1	0.84	-1	-1	-1	-1	-1	-1	-1	0.824	0.996	-1	-1	-0.66	-0.562	-0.097	-0.26	
-0.667	-0.214	-0.167	-0.857	0.217	-0.778	0	-1	1	0.6	-0.2	-0.6	1	0.429	0.372	-0.06	-1	-1	-1	-1	-1	-1	0.953	0.951	-1	-1	-0.627	-0.519	-0.199	-0.105	
-0.5	-0.357	-0.333	-0.286	-0.304	-1	-0.5	-0.25	0.2	1	-1	-0.6	-0.143	1	0.525	-0.423	-1	-1	-1	-1	-1	-1	0.824	0.992	-1	-1	-0.645	-0.542	-0.146	-0.296	
-0.167	-0.357	-0.333	-0.286	-0.304	-1	0.5	-1	0.2	0.6	-1	-1	1	1	0.5	-0.29	-1	-1	-1	-1	-1	-1	0.969	0.982	-1	-1	-0.63	-0.523	-0.198	-0.253	
-0.5	-0.357	-0.333	-0.286	-0.739	-1	0.5	-1	0.2	1	-1	-0.6	1	1	0.359	-0.494	-1	-1	-1	-1	-1	-1	0.961	0.881	-1	-1	-0.658	-0.558	-0.107	-0.266	
-0.167	-0.357	-0.333	-0.286	-0.13	-0.778	-0.5	-1	0.8	1	-0.6	0	1	-0.143	0.996	-0.306	-1	-1	-1	-1	-1	-1	0.836	0.443	-1	-1	-0.642	-0.538	-0.164	-0.289	
-0.5	-0.357	-0.333	-0.286	0.478	-1	-0.75	-0.75	0.8	1	0.6	-0.2	1	1	1	-1	-1	-1	-1	-1	-1	-1	0.965	0.939	-1	-1	-0.646	-0.543	-0.142	-0.309	
-0.167	-0.357	-0.333	-0.286	-0.739	-0.333	-0.5	-1	0.8	1	-1	-0.6	1	-0.143	0.656	-1	-1	-1	-1	-1	-1	-1	0.957	0.943	-1	-1	-0.667	-0.57	-0.083	-0.125	
-0.5	-0.357	-0.333	-0.286	0.478	-0.333	-0.5	-1	0.2	1	1	-0.8	0.714	0.714	0.718	-1	-1	-1	-1	-1	-1	-1	0.965	0.984	-1	-1	-0.66	-0.561	-0.098	-0.248	
-0.667	-0.214	-0.333	-0.286	-0.739	-1	0	-1	0.2	1	-1	-0.6	-0.143	1	0.525	-0.423	-1	-1	-1	-1	-1	-1	0.949	0.975	-1	-1	-0.638	-0.534	-0.161	-0.2	
-0.5	-0.357	-0.333	-0.286	-0.304	-0.333	-0.5	-1	-0.4	1	0.6	-0.2	1	0.429	0.089	-0.181	-0.918	-1	-1	-1	-1	-1	0.844	0.924	-1	-1	-0.647	-0.545	-0.122	-0.254	
-0.167	-0.357	-0.333	-0.286	0.043	-1	0.5	-1	0.2	1	0.6	-1	1	1	0.969	-0.4	-1	-1	-1	-1	-1	-1	0.973	0.953	-1	-1	-0.61	-0.497	-0.252	-0.298	
-0.5	-0.357	-0.167	-0.857	-0.304	0.333	0.5	-1	0.2	0.6	-0.2	-0.6	1	0.429	0.374	-0.365	-1	-1	-1	-1	-1	-1	0.953	0.943	-1	-1	-0.646	-0.543	-0.145	-0.209	
-0.5	-0.357	-0.333	-0.286	0.478	-1	-1	-1	1	0.6	0.2	-0.8	1	1	0.341	-0.153	-1	-1	-1	-1	-1	-1	0.965	0.982	-1	-1	-0.632	-0.525	-0.186	-0.308	
-0.167	-0.357	-0.333	-0.286	-0.739	0.333	-0.5	-0.25	0.2	1	-0.2	-0.6	-0.143	1	0.556	-0.799	-1	-1	-1	-1	-1	-1	0.824	0.998	-1	-1	-0.665	-0.568	-0.09	-0.173	
-0.5	-0.357	-0.167	-0.857	0.478	-1	0	-1	0.2	0.6	-1	-0.6	1	0.429	0.369	-0.06	-1	-1	-1	-1	-1	-1	0.969	0.982	-1	-1	-0.624	-0.515	-0.209	-0.226	
-0.5	-0.357	-0.333	-0.286	-0.739	-1	-0.5	-1	1	0.6	0.6	-1	1	1	0.969	-1	-1	-1	-1	-1	-1	-1	0.824	0.891	-1	-1	-0.659	-0.56	-0.101	-0.291	
-0.5	-0.357	-0.333	-0.286	-0.739	-1	0.5	-1	0.8	1	-1	-0.6	1	1	0.875	-1	-1	-1	-1	-1	-1	-1	0.941	0.947	-1	-1	-0.654	-0.554	-0.115	-0.279	
-0.5	-0.357	-0.167	-0.857	-0.304	-0.333	-1	-1	0.8	1	-1	-0.6	-0.143	1	0.812	-0.369	-1	-1	-1	-1	-1	-1	0.824	0.975	-1	-1	-0.625	-0.517	-0.206	-0.316	
-0.167	-0.357	-0.333	-0.286	-0.304	0.778	0	-1	0.8	1	-0.6	-0.8	1	1	0.871	-0.369	-1	-1	-1	-1	-1	-1	0.957	0.881	-1	-1	-0.62	-0.509	-0.228	-0.287	
-0.667	-0.214	-0.167	-0.857	0.043	-1	0	-0.25	0.2	1	0.2	-0.8	1	1	0.541	0.065	-1	-1	-1	-1	-1	-1	0.949	0.38	-1	-1	-0.644	-0.54	-0.148	-0.117	
-0.5	-0.357	-0.333	-0.286	-0.739	-1	0.5	-1	-0.4	1	-1	-0.6	1	1	0.812	-1	-1	-1	-1	-1	-1	-1	0.941	0.943	-1	-1	-0.658	-0.559	-0.102	-0.26	
-0.5	-0.357	-0.333	-0.286	-0.739	-0.333	-0.5	-1	-0.8	1	-0.2	-0.6	1	-0.143	0.728	-0.353	-1	-1	-1	-1	-1	-1	0.957	0.881	-1	-1	-0.627	-0.519	-0.2	-0.344	
-0.667	-0.214	-0.75	-0.857	-0.739	-0.333	-0.5	-1	-0.4	0.2	-0.6	-0.4	1	0.429	0.511	-0.181	-1	-1	-1	-1	-1	-1	0.836	0.881	-1	-1	-1	-0.298	0.057	-0.097	
-0.5	-0.357	-0.333	-0.286	-0.304	-1	-0.5	-1	-1	0.6	-0.6	0	0.429	1	1	-1	-1	-1	-1	-1	-1	-1	0.941	0.722	-1	-1	-0.66	-0.562	-0.099	-0.3	
-1	-0.214	-0.75	-0.429	0.478	-1	-1	-1	0.2	1	0.2	-0.8	1	1	0.339	-0.079	-1	-1	-1	-1	-1	-1	0.965	0.975	-1	-1	-1	-0.28	0.128	0.071	
-0.333	-0.286	-0.333	-0.286	0.478	-1	-0.5	-0.25	-0.4	1	-1	-0.6	0.714	0.714	0.607	0.046	-0.904	-1	-1	-1	-1	-1	0.941	0.47	-1	-1	-0.622	-0.512	-0.204	-0.298	
-0.5	-0.357	-0.167	-0.857	-0.739	-1	-1	-1	1	0.6	0.2	-0.8	1	1	0.562	-0.185	-1	-1	-1	-1	-1	-1	0.84	0.99	-1	-1	-1	-0.279	-0.116	-0.262	
-0.667	-0.214	-0.333	-0.286	0.478	-1	-1	-1	-0.8	1	0.2	-0.8	1	1	0.625	-0.267	-1	-1	-1	-1	-1	-1	0.953	0.982	-1	-1	-0.622	-0.513	-0.212	-0.246	
-0.5	-0.357	-0.333	-0.286	-0.304	-1	-1	-0.25	-0.8	1	-0.6	0	1	1	0.875	-1	-1	-1	-1	-1	-1	-1	0.961	0.889	-1	-1	-0.657	-0.557	-0.108	-0.278	
-0.5	-0.357	-0.75	-0.429	0.217	-0.111	0.5	-0.25	0.2	1	-0.6	0	0.714	0.143	0.523	-0.361	-1	-1	-1	-1	-1	-1	0.883	0.943	-1	-1	-0.641	-0.536	-0.155	-0.319	
-0.5	-0.357	-0.333	-0.286	-0.739	-0.333	-1	-1	0.2	1	1	-0.8	1	0.429	0.781	-1	-1	-1	-1	-1	-1	-1	0.957	0.951	-1	-1	-0.659	-0.56	-0.101	-0.256	
-0.167	-0.357	-0.333	-0.286	-0.304	-1	0.25	-0.75	0.2	0.6	0.6	-0.6	1	1	0.984	-0.306	-1	-1	-1	-1	-1	-1	0.969	0.496	-1	-1	0.106	-1	0.04	-0.287	
-0.5	-0.357	-0.167	-0.429	-0.304	0.778	-0.5	-1	0.2	1	-1	-0.2	1	1	0.781	-0.024	-1	-1	-1	-1	-1	-1	0.941	0.912	-1	-1	-0.603	-0.488	-0.267	-0.391	
-0.167	-0.429	-0.333	-0.286	-0.304	-1	0.75	-0.75	0.8	1	-1	-0.6	1	0.429	1	-1	-0.918	-1	-1	-1	-1	-1	0.965	0.943	-1	-1	-0.633	-0.527	-0.173	-0.143	
-0.167	-0.357	-0.333	-0.286	0.739	0.556	-0.5	-0.25	0.8	1	-0.2	-0.6	1	1	0.871	-0.361	-1	-1	-1	-1	-1	-1	0.941	0.943	-1	-1	-0.616	-0.505	-0.236	-0.289	
-0.5	-0.357	-0.333	-0.286	0.217	0.556	-0.5	-1	-0.8	1	0.2	-0.8	1	1	0.777	-1	-1	-1	-1	-1	-1	-1	0.816	0.912	-1	-1	-0.67	-0.574	-0.065	-0.238	
-0.5	-0.357	-0.167	-0.429	-0.043	0.111	0.75	-0.75	0.8	1	-0.6	0	1	1	0.558	-0.204	-1	-1	-1	-1	-1	-1	0.949	0.889	-1	-1	-0.629	-0.521	-0.198	-0.322	
-0.5	-0.357	-0.417	-1	-0.739	-0.333	-1	-1	0.6	0.6	0.2	-0.8	-0.143	1	0.797	-0.238	-1	-1	-1	-1	-1	-1	0.84	0.458	-1	-1	-0.649	-0.547	0.023	-0.228	
-0.5	-0.357	-0.333	-0.286	0.043	0.333	0.75	-0.75	0.6	0.6	-1	-0.6	1	1	0.777	-0.423	-1	-1	-1	-1	-1	-1	0.816	0.941	-1	-1	-0.633	-0.527	-0.18	-0.335	
-0.667	-0.214	-1	0.714	0.043	-0.333	-0.5	-1	0.2	1	-0.6	0	1	1	0.058	-1	-1	-1	-1	-1	-1	-1	0.945	0.975	-1	-1	-1	-0.422	0.085	-0.022	
-0.667	-0.214	-0.333	-0.286	0.217	-0.778	1	-1	0.8	1	-0.2	-0.6	1	1	0.558	-0.267	-1	-1	-1	-1	-1	-1	0.949	0.982	-1	-1	-0.627	-0.518	-0.2	-0.233	
-0.5	-0.357	-0.167	-0.857	0.478	-1	0	-1	1	0.6	-1	-0.6	1	0.429	0.372	-0.06	-1	-1	-1	-1	-1	-1	0.953	0.951	-1	-1	-0.627	-0.519	-0.202	-0.223	
-0.667	-0.214	-0.333	-0.286	0.043	-0.333	1	-1	0.2	1	-0.2	-0.2	1	1	0.859	-0.056	-1	-1	-1	-1	-1	-1	0.941	0.439	-1	-1	-0.629	-0.521	-0.192	-0.299	
-0.5	-0.357	-0.167	-0.857	-0.13	0.556	0	-1	0.8	1	-0.2	-0.6	-0.143	0.429	0.871	-0.361	-1	-1	-1	-1	-1	-1	0.949	0.951	-1	-1	-0.615	-0.504	-0.234	-0.349	
-0.5	-0.357	-0.167	-0.429	0.913	-1	0	-1	-0.4	1	-1	-0.6	1	0.429	0.308	-0.361	-1	-1	-1	-1	-1	-1	0.961	0.943	-1	-1	-0.649	-0.547	-0.137	-0.221	
-0.167	-0.357	-0.333	-0.286	-0.304	0.778	-1	-0.25	0.2	1	0.2	-0.8	1	1	0.715	-0.236	-1	-1	-1	-1	-1	-1	0.832	0.943	-1	-1	-0.625	-0.516	-0.214	-0.279	
-0.167	-0.357	-0.333	-0.286	-0.304	0.333	-0.5	-1	-0.8	1	-1	-0.6	1	1	0.578	-0.048	-1	-1	-1	-1	-1	-1	0.957	0.898	-1	-1	-1	-0.258	-0.145	-0.296	
-0.167	-0.357	-0.333	-0.286	-0.304	0.333	-0.5	-1	0.8	1	-0.2	-0.6	-0.143	0.429	0.327	0.132	-1	-1	-1	-1	-1	-1	0.957	0.939	-1	-1	-1	-0.262	-0.14	-0.289	
-0.667	-0.214	-0.167	-0.857	-0.304	0.333	0.25	-0.75	1	0.6	0.2	-0.8	1	1	0.374	-0.056	-1	-1	-1	-1	-1	-1	0.949	0.967	-1	-1	-0.626	-0.517	-0.202	-0.105	
-0.5	-0.357	-0.333	-0.286	0.217	0.556	-1	-1	-0.4	1	0.6	-0.2	1	1	0.953	-0.65	-1	-1	-1	-1	-1	-1	0.965	0.795	-1	-1	-0.636	-0.531	-0.171	-0.34	
-0.667	-0.214	-0.667	-0.214	0.043	-1	-0.25	-0.75	-0.4	1	-1	-0.6	1	1	-0.38	-0.275	-1	-1	-1	-1	-1	-1	0.953	0.975	-1	-1	-1	-0.388	0.035	-0.077	
-0.5	-0.357	-0.333	-0.286	-0.304	0.778	-0.5	-1	0.2	1	0.6	-0.2	1	1	0.808	-0.361	-1	-1	-1	-1	-1	-1	0.941	0.474	-1	-1	-1	-0.319	-0.064	-0.341	
-0.667	-0.214	-0.333	-0.286	0.217	-0.778	0.5	-1	-0.8	1	-1	-0.6	1	1	0.546	-0.306	-1	-1	-1	-1	-1	-1	0.828	0.975	-1	-1	-1	-0.298	-0.088	-0.213	
-0.5	-0.357	-0.167	-0.429	0.217	-0.111	-0.5	-1	0.6	0.6	0.6	-0.2	1	1	0.576	0.515	-1	-1	-1	-1	-1	-1	0.941	0.412	-1	-1	-0.613	-0.501	-0.242	-0.408	
-0.5	-0.357	-0.333	-0.286	-0.739	0.778	-0.5	-1	0.2	1	-1	-0.2	1	1	0.578	-0.142	-1	-1	-1	-1	-1	-1	0.957	0.883	-1	-1	-1	-0.271	-0.125	-0.345	
-0.5	-0.357	-0.333	-0.286	0.217	-0.778	1	-1	0.2	1	-0.6	0	1	0.429	0.621	-0.118	-1	-1	-1	-1	-1	-1	0.988	0.758	-1	-1	-0.625	-0.516	-0.206	-0.354	
-0.667	-0.214	-0.333	-0.286	-0.478	0.556	-0.5	-1	-0.8	1	-1	-0.6	0.714	0.714	0.546	-0.361	-1	-1	-1	-1	-1	-1	0.941	0.943	-1	-1	-1	-0.295	-0.092	-0.213	
-1	-0.214	0.083	-0.643	-0.13	-0.111	-0.25	-0.75	0.8	0.2	-1	-0.6	-0.143	1	0.842	-0.241	-1	-1	-1	-1	-1	-1	0.969	0.881	-1	-1	-1	-0.251	0.173	0.138	
-0.75	0	0.75	-0.857	-0.304	-1	0	-1	0.8	1	-0.2	-0.2	1	0.429	0.369	-0.11	-1	-1	-1	-1	-1	-1	0.953	0.953	-1	-1	-0.63	-0.523	-0.196	0.058	
-0.5	-0.357	-0.167	-0.429	0.043	0.333	0.75	-0.75	0.2	1	-1	-0.2	1	1	0.625	-0.216	-1	-1	-1	-1	-1	-1	0.941	0.787	-1	-1	-1	-0.287	-0.106	-0.332	
-0.5	-0.357	-0.333	-0.286	-0.304	0.333	-1	-1	0.8	1	1	-0.8	1	1	0.527	-0.447	-1	-1	-1	-1	-1	-1	0.941	0.975	-1	-1	-0.64	-0.536	-0.161	-0.3	
-0.5	-0.357	-0.333	-0.286	0.478	-1	0.5	-1	0.2	1	0.6	-0.6	-0.143	1	0.453	-0.361	-1	-1	-1	-1	-1	-1	0.959	0.889	-1	-1	-0.644	-0.54	-0.149	-0.298	
-1	-0.214	0.333	0	0.478	-1	-0.25	-0.75	0.8	1	0.6	-0.2	1	1	0.281	-0.369	-1	-1	-1	-1	-1	-1	0.965	0.482	-1	-1	-0.678	-0.585	-0.033	0.026	
-0.5	-0.357	-0.167	-0.857	0.043	-1	1	-1	0.8	1	-0.2	-0.6	1	0.429	0.844	-0.181	-1	-1	-1	-1	-1	-1	0.816	0.943	-1	-1	-0.615	-0.503	-0.236	-0.343	
-0.5	-0.357	0.083	-0.214	-0.304	0.778	-1	-1	0.2	1	-1	-0.2	1	1	0.812	-0.06	-1	-1	-1	-1	-1	-1	0.941	0.474	-1	-1	-0.63	-0.522	-0.195	-0.297	
-0.5	-0.357	-0.167	-0.429	0.043	-0.333	1	-1	-0.6	0.6	-1	-0.6	1	1	0.779	-0.433	-1	-1	-1	-1	-1	-1	0.832	0.982	-1	-1	-0.63	-0.523	-0.19	-0.334	
-0.5	-0.357	-0.167	-0.857	-0.478	0.556	0	-1	-0.4	1	-0.6	0	1	0.429	0.12	-0.118	-1	-1	-1	-1	-1	-1	0.941	0.889	-1	-1	-0.65	-0.549	-0.132	-0.158	
-0.5	-0.357	-0.167	-0.857	0.217	-0.778	1	-1	0.6	0.6	-1	-0.6	1	0.429	0.84	-0.306	-1	-1	-1	-1	-1	-1	0.957	0.814	-1	-1	-0.622	-0.512	-0.218	-0.339	
-0.167	-0.357	-0.333	-0.286	0.478	-1	1	-1	0.2	1	-1	-0.2	1	1	0.625	-0.369	-1	-1	-1	-1	-1	-1	0.949	0.975	-1	-1	-0.629	-0.522	-0.201	-0.256	
-0.167	-0.357	-1	-0.214	0.043	-0.333	-1	-1	-1	0.6	-1	-0.6	1	0.429	0.308	-0.283	-1	-1	-1	-1	-1	-1	0.828	0.975	-1	-1	-0.65	-0.549	-0.128	0.127	
-0.5	-0.357	-0.167	-0.857	0.043	-1	1	-1	0.8	1	-0.2	-0.6	1	0.429	0.374	-0.112	-1	-1	-1	-1	-1	-1	0.82	0.943	-1	-1	-0.638	-0.534	-0.169	-0.201	
-0.667	-0.214	-0.167	-0.857	0.478	-1	0.75	-0.75	0.2	0.6	-1	-0.6	1	1	0.37	-0.021	-1	-1	-1	-1	-1	-1	0.949	0.982	-1	-1	-0.623	-0.514	-0.211	-0.104	
-0.667	-0.214	-0.333	-0.286	-0.739	0.778	-0.5	-1	0.2	1	0.6	-0.2	1	1	0.621	-0.11	-1	-1	-1	-1	-1	-1	0.941	0.443	-1	-1	-0.646	-0.544	-0.138	-0.247	
-0.667	-0.214	-0.333	-0.286	0.043	0.333	-0.75	-0.75	0.8	1	0.2	-0.8	-0.143	-0.143	0.578	-0.228	-1	-1	-1	-1	-1	-1	0.957	0.881	-1	-1	-1	-0.281	-0.111	-0.24	
-0.5	-0.357	-0.333	-0.286	-0.13	-0.111	1	-1	0.6	0.6	0.6	-1	1	1	0.582	-0.15	-1	-1	-1	-1	-1	-1	0.949	0.891	-1	-1	-0.624	-0.514	-0.211	-0.345	
-0.5	-0.357	0.333	-0.429	-0.739	0.778	-0.5	-1	0.2	1	-1	-0.2	1	1	0.589	-0.142	-1	-1	-1	-1	-1	-1	0.941	0.38	-1	-1	-0.654	-0.553	-0.122	-0.202	
-0.5	-0.357	-0.333	-0.286	0.217	0.556	-0.5	-1	-0.8	1	0.6	-0.2	1	1	0.578	-0.181	-1	-1	-1	-1	-1	-1	0.961	0.849	-1	-1	-0.628	-0.519	-0.198	-0.34	
-0.5	-0.357	-0.333	-0.286	-0.304	0.778	-0.5	-1	-0.8	1	-0.6	0	1	1	0.562	-0.062	-1	-1	-1	-1	-1	-1	0.773	0.93	-1	-1	-0.628	-0.52	-0.197	-0.342	
-0.5	-0.357	-0.333	-0.286	-1	-0.778	-0.75	-0.75	-0.4	0.2	1	-0.8	1	1	0.969	-1	-1	-1	-1	-1	-1	-1	0.965	0.977	-1	-1	-0.645	-0.542	-0.143	-0.305	
-0.5	-0.357	-0.667	-0.214	0.478	-1	0	-1	-0.4	1	-1	-0.6	-0.143	0.429	-0.13	-0.337	-1	-1	-1	-1	-1	-1	0.828	0.975	-1	-1	-0.68	-0.587	-0.032	-0.175	
-0.5	-0.357	0.083	-1	-0.13	0.556	0	-1	0.8	1	-1	-0.6	-0.143	0.429	0.871	-0.369	-1	-1	-1	-1	-1	-1	0.949	0.943	-1	-1	-0.616	-0.505	-0.232	-0.24	
-0.5	-0.357	-0.75	-0.429	-0.304	0.333	-0.5	-1	0.6	0.6	1	-0.8	-0.143	1	0.875	-0.259	-1	-1	-1	-1	-1	-1	0.949	0.881	-1	-1	-0.613	-0.501	-0.238	-0.408	
-0.5	-0.357	-0.333	-0.286	0.043	-1	1	-1	0.2	1	-1	-0.6	-0.143	0.429	0.844	-1	-1	-1	-1	-1	-1	-1	0.824	0.99	-1	-1	-0.661	-0.562	-0.096	-0.261	
-0.5	-0.357	-0.333	-0.286	0.043	0.333	-0.5	-1	-0.8	1	1	-0.8	1	1	0.327	-0.869	-1	-1	-1	-1	-1	-1	0.945	0.982	-1	-1	-0.677	-0.583	-0.042	-0.202	
-0.5	-0.357	-0.333	-0.286	0.043	0.333	-1	-0.25	0.2	0.6	1	-0.8	1	0.429	0.374	-0.118	-1	-1	-1	-1	-1	-1	0.961	0.951	-1	-1	-0.63	-0.522	-0.192	-0.317	
-0.75	0	0.083	0	-0.304	0.333	0.25	-0.75	0	0.2	-0.6	0	1	1	0.619	0.445	-1	-1	-1	-1	-1	-1	0.945	0.881	-1	-1	-0.587	-0.467	-0.306	-0.095	
-0.75	0	0.333	-0.429	-0.739	0.778	-0.75	-0.75	0.2	1	0.6	-0.6	1	1	0.621	-0.4	-1	-1	-1	-1	-1	-1	0.949	0.486	-1	-1	-0.661	-0.562	-0.099	0.002	
-0.667	-0.214	0.083	0	0.043	-1	1	-1	0.2	1	0.6	-0.2	1	0.429	0.982	-1	-1	-1	-1	-1	-1	-1	0.969	0.943	-1	-1	-0.646	-0.544	-0.137	-0.198	
-0.75	0	0.333	-0.429	-0.739	-0.333	-1	-1	-0.4	1	0.6	-0.2	1	0.429	0.093	0.065	-1	-1	-1	-1	-1	-1	0.945	0.912	-1	-1	-0.639	-0.534	-0.171	0.091	
-0.667	-0.214	-1	-0.214	-0.304	0.333	-1	-1	0.8	1	0.2	-0.8	1	1	0.374	0.476	-1	-1	-1	-1	-1	-1	0.973	0.986	-1	-1	-1	-0.209	0.048	-0.085	
-0.167	-0.357	-1	-0.214	-0.739	-0.333	-0.5	-1	-0.8	1	-0.2	-0.6	-0.143	1	0.077	0.148	-1	-1	-1	-1	-1	-1	0.955	0.877	-1	-1	-0.637	-0.531	-0.168	0.067	
-0.167	0.5	0.083	0.214	0.478	-0.333	0	-1	-0.4	1	-0.2	-0.6	0.143	0.714	0.873	0.234	-1	-1	-1	-1	-1	-1	0.957	0.329	-1	-0.671	-1	-0.47	0.096	-0.106	
-0.667	-0.214	-0.333	-0.286	-0.13	-0.778	1	-1	-0.8	1	-1	-0.2	1	1	0.859	-0.56	-1	-1	-1	-1	-1	-1	0.957	0.947	-1	-1	-0.628	-0.52	-0.195	-0.244	
-0.5	-0.357	-0.167	-0.429	0.217	-0.111	1	-1	0.2	1	0.6	-0.2	1	0.429	0.523	-0.204	-1	-1	-1	-1	-1	-1	0.941	0.38	-1	-1	-0.662	-0.563	-0.095	-0.293	
-0.75	-0.857	-0.333	-0.286	0.043	-1	-1	-0.25	0	0.2	-0.2	-0.6	-0.143	1	0.56	0.218	-0.738	-1	-1	-1	-1	-1	0.945	0.412	-1	-1	-1	-0.212	0.114	-0.102	
-0.167	-0.357	-0.333	-0.286	0.913	-1	1	-1	0.6	0.6	0.2	-0.8	1	1	0.969	-0.431	-1	-1	-1	-1	-1	-1	0.957	0.836	-1	-1	-0.62	-0.51	-0.227	-0.289	
-0.167	-0.429	-0.333	-0.286	-0.043	0.111	0.75	-0.75	-0.4	1	0.6	-0.2	1	0.429	0.089	-0.243	-0.808	-1	-1	-1	-1	-1	0.941	0.932	-1	-1	-0.628	-0.52	-0.154	-0.224	
-0.5	-0.357	-0.167	-0.429	0.043	0.333	1	-1	0.2	1	-1	-0.2	1	1	0.625	-0.062	-1	-1	-1	-1	-1	-1	0.816	0.93	-1	-1	-1	-0.267	-0.131	-0.35	
-0.5	-0.357	-0.333	-0.286	0.217	0.556	-1	-1	0.8	1	0.6	-0.2	1	1	0.327	0.32	-1	-1	-1	-1	-1	-1	0.832	0.849	-1	-1	-0.62	-0.51	-0.219	-0.353	
-0.167	-0.429	-0.333	-0.286	-0.739	0.333	0.75	-0.75	0.8	1	-1	-0.6	-0.143	0.429	0.84	-0.486	-0.926	-1	-1	-1	-1	-1	0.949	0.994	-1	-1	-0.611	-0.498	-0.236	-0.306	
-0.333	-0.286	-0.667	-0.214	-0.304	-0.333	-0.5	-1	-0.8	1	1	-0.8	1	-0.143	0.699	-0.103	-1	-1	-1	-1	-1	-1	0.957	0.881	-1	-1	-0.614	-0.502	-0.239	-0.288	
-0.167	-0.357	-1	-0.214	0.478	-1	-0.5	-1	0.2	1	1	0.4	1	1	0.5	-0.06	-1	-1	-1	-1	-1	-1	0.961	0.881	-1	-1	-0.623	-0.514	-0.211	0.045	
-0.167	-0.357	-0.667	-0.214	-0.043	0.111	-1	-1	0.8	1	0.6	-0.2	-0.143	1	0.093	0.32	-1	-1	-1	-1	-1	-1	0.832	0.867	-1	-1	-0.633	-0.527	-0.181	-0.147	
-0.667	-0.214	-0.333	-0.286	0.478	-1	-0.25	-0.75	1	0.6	-0.2	-0.6	-0.429	-0.429	0.558	-0.369	-1	-1	-1	-1	-1	-1	0.945	0.881	-1	-1	-0.639	-0.534	-0.16	-0.212	
-0.333	-0.286	-0.5	0.714	-0.043	0.111	-0.5	-1	-0.8	1	0.2	-0.8	1	-0.143	0.578	-0.048	-1	-1	-1	-1	-1	-1	0.957	0.898	-1	-1	-1	-0.258	-0.132	-0.196	
-0.5	-0.357	-0.333	-0.286	0.478	-0.333	-0.5	-1	-0.2	0.6	-0.6	0	-0.429	-0.429	0.683	-0.056	-1	-1	-1	-1	-1	-1	0.961	0.883	-1	-1	-0.612	-0.499	-0.244	-0.372	
-0.5	-0.357	-0.333	-0.286	-0.739	0.778	0	-1	0.6	0.6	0.6	0.2	1	1	0.372	-0.271	-1	-1	-1	-1	-1	-1	0.98	0.447	-1	-1	-1	-0.358	-0.01	-0.284	
-0.5	-0.357	-0.333	-0.286	0.043	-1	0.5	-0.25	-0.6	0.6	-1	-0.2	-0.429	0.714	0.875	-1	-0.808	-1	-1	-1	-1	-1	0.941	0.998	-1	-1	-0.622	-0.513	-0.182	-0.286	
-0.5	-0.357	-0.333	-0.286	0.217	0.556	-0.5	-1	-0.8	1	0.2	-0.8	-0.429	0.714	0.578	-0.236	-1	-1	-1	-1	-1	-1	0.941	0.38	-1	-1	-0.66	-0.562	-0.1	-0.316	
-0.5	-0.357	-0.333	-0.286	-0.739	-1	0.75	-0.75	0.6	-0.2	-1	-0.6	-0.143	1	0.826	-1	-0.97	-1	-1	-1	-1	-1	0.832	0.988	-1	-1	-0.657	-0.557	-0.102	-0.257	
-0.333	-0.286	-0.75	-0.429	-0.739	0.778	-0.5	-1	-1	0.6	-0.2	-0.2	1	0.429	0.337	-0.345	-1	-1	-1	-1	-1	-1	0.934	0.943	-1	-1	-1	-0.318	-0.064	-0.174	
-0.167	0.5	-0.5	0.714	-0.739	0.778	-0.5	-1	0.2	1	-0.2	-0.6	0.429	0.429	0.087	-0.982	-1	-1	-1	-1	-1	-1	0.99	0.975	-1	-1	-0.696	-0.608	0.021	0.106	
0.333	0.214	0.083	-0.643	0.739	-0.111	0	-1	-0.8	1	-0.6	0	0.714	0.143	0.372	-1	-1	-1	-1	-1	-1	-1	0.953	0.945	-1	-1	-1	-0.388	0.025	0.106	
0.583	-0.214	-0.333	-0.286	0.217	0.556	-0.75	-0.75	0.8	1	-1	-0.2	-0.143	0.429	0.341	-0.99	-1	-1	-1	-1	-1	-1	0.965	0.945	-1	-1	-1	-0.389	0.023	0.129	
-0.75	0	0.083	-0.643	0.217	0.556	0	-1	-0.6	0.6	-0.2	-0.2	-0.143	1	0.341	0.202	-1	-1	-1	-1	-1	-1	0.902	0.785	-1	-1	-0.626	-0.518	-0.207	0.054	
-0.667	-0.214	0.083	-0.643	0.217	-0.778	-0.25	-0.75	0.8	0.2	-1	-0.6	-0.714	1	0.093	-0.122	-1	-1	-1	-1	-1	-1	0.953	0.982	-1	-1	-0.646	-0.543	-0.147	-0.001	
-0.167	-0.429	0.333	-0.857	0.043	-0.333	-0.5	-1	0.2	1	-0.6	0	1	1	-0.476	0.57	-1	-1	-1	-1	-1	-1	0.848	0.474	-1	-1	-1	-0.371	0.001	0.084	
-0.5	-0.357	-0.167	-0.857	-0.304	0.333	0	-1	-0.2	0.6	0.6	-0.2	1	1	0.369	0.64	-1	-1	-1	-1	-1	-1	0.961	0.255	-1	-1	-0.627	-0.518	0.135	-0.151	
-0.5	-0.357	-0.333	-0.286	0.217	-0.111	-1	-1	0.8	1	-1	-0.6	-0.143	1	0.062	0.701	-1	-1	-1	-1	-1	-1	0.832	0.834	-1	-1	-1	-0.254	-0.147	-0.356	
-0.75	0	-0.333	-0.286	-0.739	0.778	-1	-1	0.2	1	-1	-0.2	1	1	0.091	0.316	-1	-1	-1	-1	-1	-1	0.941	0.412	-1	-1	-0.654	-0.554	-0.114	-0.186	
-0.5	-0.357	-0.417	-1	-0.304	0.778	-1	-1	-0.2	0.6	0.2	-0.8	-0.429	0.714	0.826	-0.206	-1	-1	-1	-1	-1	-1	0.957	0.38	-1	-1	-0.643	-0.539	0.011	-0.242	
-0.667	-0.214	-0.333	-0.286	0.043	-0.333	1	-1	0.2	1	-1	-0.2	-0.143	1	0.589	0.335	-0.934	-1	-1	-1	-1	-1	0.832	0.349	-1	-1	-0.624	-0.514	-0.197	-0.3	
-0.75	0	0.083	-0.643	-0.304	-0.333	0.5	-0.25	0.8	1	-0.6	0	-0.429	0.143	0.304	-0.021	-1	-1	-1	-1	-1	-1	0.953	0.949	-1	-1	-0.629	-0.521	-0.196	0.053	
-0.5	-0.357	-0.333	-0.286	-0.304	-0.333	1	-1	0.2	1	-1	-0.6	1	-0.714	0.738	-1	-1	-1	-1	-1	-1	-1	0.957	0.951	-1	-1	-0.661	-0.563	-0.094	-0.249	
-0.5	-0.357	0.833	0.286	0.739	-0.111	0	-1	-0.8	1	-0.6	0	1	0.429	0.308	-0.11	-1	-1	-1	-1	-1	-1	0.953	0.951	-1	-1	-0.634	-0.528	-0.186	-0.158	
-0.75	0	-0.333	-0.286	-0.304	0.333	-0.25	-0.75	0.2	1	0.2	-0.8	-0.143	1	0.071	0.816	-1	-1	-1	-1	-1	-1	0.941	0.38	-1	-1	-0.627	-0.519	-0.199	-0.263	
-0.167	-0.357	-0.75	-0.429	-0.043	0.111	0	-1	0.8	1	-0.6	0	-0.143	1	-0.224	0.656	-1	-1	-1	-1	-1	-1	0.961	0.945	-1	-1	-0.62	-0.509	-0.22	-0.184	
-0.667	-0.214	-0.667	-0.214	-0.304	0.333	1	-1	0.8	1	0.2	-0.8	-0.143	1	0.093	-0.15	-1	-1	-1	-1	-1	-1	0.957	0.816	-1	-1	-1	-0.336	-0.036	-0.184	
-0.667	-0.214	0.083	0	-0.739	-1	1	-1	0.2	1	0.2	0.4	-0.143	0.429	0.857	-1	-0.973	-1	-1	-1	-1	-1	0.961	0.988	-1	-1	-0.648	-0.545	-0.129	-0.175	
0.333	-0.429	0.083	0.214	0.478	-0.333	1	-1	0.2	0.6	-0.2	-0.2	-0.429	0.714	0.374	-0.685	-1	-1	-1	-1	-1	-1	0.949	0.963	-1	-1	-1	-0.35	-0.033	0.124	
-0.75	-0.857	0.083	0.214	0.478	-0.333	-0.5	-0.25	1	0.6	-0.2	-0.6	-0.429	0.714	0.873	0.232	-1	-1	-1	-1	-1	-1	0.955	0.081	-0.799	-0.658	-1	-0.449	0.475	-0.013	
-0.417	0.143	0.083	-0.643	-0.304	0.333	-0.5	-0.25	0.2	1	0.2	-0.8	0.143	0.714	-0.425	-1	-1	-1	-1	-1	-1	-0.23	0.965	-0.132	-1	-1	-0.68	-0.587	0.254	0.131	
0.75	-0.857	-0.333	-0.286	0.478	-0.333	0.5	-0.25	1	0.6	-1	-0.6	-0.143	1	0.951	-1	-0.603	-1	-1	-1	-1	-1	0.902	0.928	-1	-1	-0.594	-0.476	-0.236	0.227	
0.583	-0.214	0.083	0	-0.043	0.111	-1	-0.25	-0.4	-0.6	0.2	-0.8	1	1	0.842	-0.65	-0.91	-1	-1	-1	-1	-1	0.73	0.992	-1	-1	-1	-0.287	-0.104	0.127	
-0.667	-0.214	-0.333	-0.286	0.043	-1	0.75	-0.75	0.2	1	0.6	-0.2	-0.143	1	0.574	0.546	-0.934	-1	-1	-1	-1	-1	0.941	0.286	-1	-1	-0.609	-0.496	-0.24	-0.335	
-0.167	-0.429	0.75	-0.857	-0.739	0.778	-0.5	-1	-1	0.6	-0.2	-0.6	1	0.429	0.337	-0.47	-1	-1	-1	-1	-1	-1	1	0.975	-1	-1	-0.65	-0.548	-0.141	-0.05	
-0.5	-0.357	-0.333	-0.286	-0.304	0.333	-0.25	-0.75	0.2	0.6	1	-0.8	-0.143	1	0.071	0.546	-1	-1	-1	-1	-1	-1	0.715	0.818	-1	-1	-1	-0.286	-0.107	-0.33	
-0.75	-0.429	-0.75	-0.429	-0.739	0.778	-1	-1	-0.6	0.6	-0.6	0	-0.143	1	-0.157	-0.261	-1	-1	-1	-1	-1	-1	0.832	0.977	-1	-1	-0.677	-0.583	-0.041	-0.044	
-0.75	-0.857	1	-0.857	-0.739	-0.333	-1	-1	-0.2	-0.2	-0.2	-0.2	0.714	0.714	0.587	0.32	-1	-1	-1	-1	-1	-1	0.957	0.46	-1	-1	-0.621	-0.51	0.082	0.185	
-0.333	-0.286	-1	0.714	-0.304	-0.333	0.75	-0.75	0.6	0.6	0.6	-0.2	-0.429	0.714	0.327	-0.204	-1	-1	-1	-1	-1	-1	0.949	0.943	-1	-1	-0.639	-0.534	-0.143	-0.142	
-0.667	-0.214	-0.333	-0.286	-0.304	0.333	0.25	-0.75	0.8	1	0.6	-0.2	0.714	0.714	-0.396	0.695	-1	-1	-1	-1	-1	-1	0.949	0.975	-1	-1	-1	-0.277	-0.118	-0.262	
-0.667	-0.214	-0.75	-0.429	0.217	0.556	0	-1	0	0.2	-0.2	-0.2	1	1	-0.191	0.883	-1	-1	-1	-1	-1	-1	0.844	0.951	-1	-1	-1	-0.247	0.181	0.037	
-0.667	-0.214	-0.333	-0.286	0.043	-1	0.5	-0.25	-1	0.6	-1	-0.2	-0.143	1	0.593	0.335	-0.934	-1	-1	-1	-1	-1	0.941	0.357	-1	-1	-0.616	-0.505	-0.22	-0.31	
-0.333	-0.286	0.083	0	0.043	0.333	0.75	-0.75	0.2	1	1	-0.8	1	1	-0.376	0.046	-1	-1	-1	-1	-1	-1	0.707	0.977	-1	-1	-0.679	-0.586	-0.042	-0.056	
0.083	-0.643	0.583	-0.643	0.043	0.333	0	-0.25	-0.6	0.6	-1	-1	0.714	0.714	-0.144	0.175	-1	-1	-1	-1	-1	-0.935	0.257	0.982	-1	-1	-1	-0.369	0.008	0.235	
-0.333	-0.286	0.333	0.214	0.739	-0.111	1	-1	0	0.2	-0.2	-0.2	-0.429	0.714	0.312	-0.728	-1	-1	-1	-1	-1	-1	0.941	0.998	-1	-1	-1	-0.359	-0.012	-0.143	
-0.75	0	-0.417	-1	-0.304	0.333	-0.25	-0.75	0.2	1	-1	-0.2	-0.143	1	0.073	0.826	-1	-1	-1	-1	-1	-1	0.957	0.255	-1	-1	-0.633	-0.527	0.196	0.081	
-0.75	-0.429	0.083	0	0.043	-1	-0.5	-0.25	-0.6	0.6	0.6	0.2	-0.143	1	0.091	0.511	-0.918	-1	-1	-1	-1	-1	0.949	0.408	-1	-1	-0.63	-0.523	-0.183	-0.004	
-0.75	-0.429	0.333	0	-0.304	0.778	-0.25	-0.75	0	0.2	-0.6	0	-0.143	1	0.122	0.429	-1	-1	-1	-1	-1	-1	0.531	0.376	-1	-1	-1	-0.366	-0.003	0.056	
-0.75	0	0.333	0	-0.304	0.333	-1	-1	-0.4	0.2	-1	-0.2	-0.143	1	0.087	0.554	-1	-1	-1	-1	-1	-1	0.879	0.756	-1	-1	-1	-0.271	-0.131	0.047	
0.583	-0.214	0.083	-0.643	-0.304	0.778	-0.25	-0.75	-0.4	0.2	0.2	0	-0.143	0.429	0.122	-0.048	-1	-1	-1	-1	-1	-1	0.953	0.896	-1	-1	-1	-0.312	-0.085	0.147	
-0.333	-0.286	-0.333	-0.286	0.478	-0.333	1	-1	1	0.6	1	-0.8	-0.143	0.429	0.327	-0.181	-1	-1	-1	-1	-1	-1	0.957	0.943	-1	-1	-1	-0.298	-0.093	-0.247	
-0.333	-0.286	0.583	-0.643	0.043	0.333	-1	-1	-0.6	0.6	-1	-0.6	-0.143	1	-0.41	0.265	-1	-1	-1	-1	-1	-1	0.699	0.412	-1	-1	-0.702	-0.616	0.027	0.064	
-0.5	-0.357	-0.167	-0.857	-0.739	0.778	0.75	-0.75	0.2	0.6	-0.6	0	-0.429	0.143	0.306	-0.056	-1	-1	-1	-1	-1	-1	0.961	0.951	-1	-1	-0.63	-0.523	-0.192	-0.21	
0.833	0.286	0.083	-0.643	0.478	-0.333	0	-1	-0.8	1	-0.6	0	-0.429	0.143	0.372	-1	-1	-1	-1	-1	-1	-1	0.959	0.943	-1	-1	-1	-0.387	0.014	0.136	
-0.5	-0.357	-0.333	-0.286	-0.304	0.333	1	-1	-0.8	0.2	-0.2	-0.2	1	1	0.091	0.546	-1	-1	-1	-1	-1	-1	0.715	0.818	-1	-1	-1	-0.283	-0.11	-0.333	
0.083	0	0.75	-0.857	0.478	0.778	0	-1	0.8	0.2	-0.2	-1	1	0.429	0.578	0.57	-1	-1	-1	-1	-1	-1	0.632	0.885	-1	-1	-0.6	-0.484	-0.276	0.141	
0.333	-0.429	0.333	-0.857	-0.739	0.778	-1	-1	0.8	1	-0.6	0	-0.429	0.714	-0.157	-0.228	-1	-1	-1	-1	-1	-1	0.957	0.947	-1	-1	-0.669	-0.573	-0.083	0.202	
-0.167	-0.357	-0.75	-0.429	-0.739	0.778	-1	-1	0.8	1	-0.6	0	-0.143	1	-0.157	0.679	-1	-1	-1	-1	-1	-1	0.816	0.945	-1	-1	-0.623	-0.514	-0.21	-0.195	
-0.75	0	0.083	0	-0.739	0.778	-1	-1	0.2	1	-1	-0.2	1	1	0.077	0.941	-1	-1	-1	-1	-1	-1	0.941	0.38	-1	-1	-0.62	-0.509	-0.226	-0.004	
0.75	-0.857	-0.167	-0.857	0.043	0.333	-1	-1	-0.6	0.6	-1	-0.2	-0.143	1	0.623	0.494	-1	-1	-1	-1	-1	-1	0.949	0.928	-1	-0.64	-1	-0.42	0.001	0.141	
0.583	0.429	-0.75	-0.429	-1	-0.778	0.5	-0.25	0.2	0.6	-1	-0.6	-0.429	0.714	0.075	-1	-1	-1	-1	-1	-1	-1	0.773	0.973	-0.889	-1	-0.082	-1	0.06	0.144	
-0.417	-1	-0.75	-0.429	-0.13	0.556	-1	-1	0	0.2	0.2	-0.8	-0.429	0.143	0.124	0.601	-1	-1	-1	-1	-1	-1	0.848	0.961	-1	-1	-1	-0.241	0.034	-0.044	
-0.167	-0.357	-0.417	-1	0.739	0.556	-0.5	-1	-0.6	0.6	-0.2	-0.2	1	1	-0.136	0.941	-1	-1	-1	-1	-1	-1	0.394	0.914	-1	-1	-0.633	-0.527	0.213	0.026	
-0.75	-0.429	0.083	-0.214	-0.739	-1	-0.5	1	0	0.2	-0.2	-0.6	-0.143	1	-0.177	-1	-1	-1	-1	-1	-1	-1	0.519	0.736	-0.658	-1	-1	-0.427	0.171	0.13	
-0.5	-0.714	-0.75	-0.429	1	0.778	1	-1	0	0.2	-0.6	0	-0.143	0.429	0.822	-0.472	-1	-1	-1	-1	-1	-1	0.992	0.975	-1	-1	-0.621	-0.511	0.153	0.112	
-0.75	-0.429	0.583	-0.643	0.043	0.333	-0.5	-0.25	-0.6	0.6	-0.6	-0.8	-1	0.714	0.341	-1	-1	-1	-1	-1	-1	-0.382	0.834	0.419	-1	-1	-1	-0.287	0.047	0.02	
-0.75	-0.429	0.083	-0.643	-0.043	0.111	0	0.5	0	0.2	0.2	1	-0.143	1	0.826	-1	-1	-1	-1	-1	-1	-1	0.902	0.928	-1	-1	-1	-0.343	-0.024	-0.134	
-0.5	-0.357	0.583	0.214	0.739	0.556	-1	-1	1	0.6	-1	-0.2	-0.429	0.143	0.326	-0.232	-1	-1	-1	-1	-1	-1	0.961	0.324	-1	-1	-1	-0.375	0.011	-0.147	
0.75	0	0.083	-0.643	-0.739	0.778	0.5	-1	-0.6	-0.2	0.2	-0.8	0.429	1	0.873	-1	-1	-1	-1	-1	-1	-1	0.464	0.838	-1	-0.734	-1	-0.571	0.254	0.077	
0.083	-0.214	0.583	-0.643	0.043	0.333	0	-1	-0.4	-0.6	0.2	-0.8	1	1	-0.408	0.312	-1	-1	-1	-1	-1	-1	0.965	0.908	-1	-1	-0.653	-0.553	-0.138	0.134	
0.75	0	0.75	0.214	0.217	-0.111	-0.5	-1	-0.6	-0.2	-1	-1	1	-0.143	0.623	-1	-1	-1	-1	-1	-1	-1	0.494	0.574	-1	-0.625	-0.531	-1	0.418	0.053	
-0.167	-0.357	-1	-0.214	-0.739	0.778	-0.5	-1	0.2	1	1	0.4	1	0.429	0.118	0.531	-1	-1	-1	-1	-1	-1	0.945	0.975	-1	-1	-0.606	-0.491	0.039	-0.039	
0.083	-1	0.083	0	-0.739	0.778	0.25	-0.75	0	0.2	0.2	0.4	1	1	0.623	0.726	-1	-1	-1	-1	-1	-1	0.949	0.412	-1	-1	-0.597	-0.481	-0.276	0.148	
-0.167	1	0.333	1	0.217	0.556	-0.5	-1	0.2	1	0.6	0.2	0.429	1	0.091	-0.64	-1	-1	-1	-1	-1	-1	0.724	0.912	-1	-1	-1	-0.409	0.093	0.183	
-0.75	-0.429	0.083	-0.643	-0.043	0.111	0	0.5	0	0.2	0.2	1	-0.143	1	0.826	-0.144	-1	-1	-1	-1	-1	-1	0.902	0.912	-1	-1	-1	-0.246	0.161	0.141	
-0.5	-0.357	0.333	-0.857	-0.478	-0.111	1	-1	0.2	0.6	-1	-0.6	-0.429	0.714	0.279	0.754	-1	-1	-1	-1	-1	-1	0.703	0.826	-1	-1	-1	-0.238	-0.168	-0.073	
-1	-0.214	-0.167	-0.857	-0.739	0.778	0	-1	0.6	0.6	0.2	-0.8	1	1	-0.629	0.732	-1	-1	-1	-1	-1	-1	0.953	0.939	-1	-1	-1	-0.304	0.239	0.161	
0.75	-0.857	-0.75	-0.429	0.043	0.333	0	-1	-0.6	0.6	-0.2	-0.6	-0.714	1	0.075	0.437	-1	-1	-1	-1	-1	-1	0.453	0.912	-1	-1	-0.647	-0.545	-0.144	0.016	
-0.667	-0.214	-0.333	-0.286	-0.304	0.333	-1	-1	0.2	1	-1	-0.2	-0.143	1	-1	0.546	-1	-1	-1	-1	-1	-1	0.941	0.255	-1	-1	-0.715	-0.633	0.084	-0.137	
-0.75	0	0.083	0	-0.739	0.778	0.25	-0.75	0	0.2	0.6	0.2	1	1	0.122	0.699	-1	-1	-1	-1	-1	-1	0.98	0.376	-1	-1	-1	-0.283	-0.114	-0.002	
1	-0.857	0.583	0.643	-0.739	0.778	-0.75	-0.75	0.2	0.6	-0.2	-0.2	-0.143	0.429	0.341	-0.275	-1	-1	-1	-1	-1	-1	0.961	0.992	-1	-1	-1	-0.301	-0.102	0.169	
-1	-0.214	-0.333	-0.286	-0.304	0.333	1	-1	-0.4	0.2	-0.2	-0.2	-0.143	0.429	-0.179	0.578	-1	-1	-1	-1	-1	-1	0.957	0.801	-1	-1	-1	-0.285	-0.105	-0.184	
-0.167	-0.429	0.583	0.214	1	0.778	0	-1	0.4	0.2	-0.6	0	0.429	1	-0.157	0.617	-1	-1	-1	-1	-1	-1	0.984	0.945	-1	-1	-0.617	-0.505	-0.242	-0.009	
1	-0.857	0.083	-0.643	-0.739	0.778	-0.75	-0.75	0.6	0.6	1	-0.8	-0.143	1	0.324	-1	-0.894	-1	-1	-1	-1	-1	0.969	0.928	-1	-1	-1	-0.363	0.01	0.176	
-0.167	-0.429	-0.167	-0.857	-0.739	0.778	-1	-1	0.2	1	-0.6	0	-0.143	1	-0.664	0.679	-1	-1	-1	-1	-1	-1	0.836	0.961	-1	-1	-0.651	-0.55	0.219	0.097	
1	-0.857	0.083	-0.643	0.217	0.556	-0.5	-0.25	0.8	1	-0.2	-0.6	-0.429	0.714	-0.175	0.038	-0.785	-1	-1	-1	-1	-0.556	0.206	0.93	-1	-1	-0.601	-0.485	-0.114	0.233	
-1	-0.214	-0.167	-0.857	0.739	-0.111	0.75	-0.75	-1	0.6	-1	0.6	-0.143	1	0.572	0.013	-0.932	-1	-1	-1	-1	-1	0.918	0.474	-0.945	-1	-0.623	-0.513	0.136	0.176	
-1	-0.214	-0.667	-0.214	-0.304	0.333	0.75	-0.75	0.8	1	0.6	-0.2	-0.429	0.714	-0.128	0.664	-1	-1	-1	-1	-1	-1	0.824	0.943	-1	-1	-1	-0.268	-0.122	-0.273	
-0.5	-0.357	-0.333	-0.286	-0.043	0.111	-1	-1	0.6	-0.2	-1	-0.2	-0.143	1	-1	0.601	-1	-1	-1	-1	-1	-1	0.832	0.832	-1	-1	-0.684	-0.592	-0.021	-0.158	
-0.667	-0.214	-1	-0.214	-0.043	0.111	1	-1	0.2	1	-1	-0.2	-0.143	1	-0.175	0.945	-1	-1	-1	-1	-1	-1	0.832	0.801	-1	-1	-1	-0.256	0.207	0.036	
-0.5	0.714	-0.333	-0.286	0.478	0.778	0.25	0	-0.8	0.2	-1	-0.6	1	0.429	-0.378	-1	-1	-1	-1	-1	-1	-1	0.761	0.449	-1	-1	-0.77	-0.703	0.282	0.148	
-0.75	0	-0.333	-0.286	-0.304	0.333	1	-1	-1	0.6	-1	-0.2	1	1	0.091	0.816	-1	-1	-1	-1	-1	-1	0.941	0.38	-1	-1	-0.626	-0.518	-0.202	-0.277	
-0.5	-0.357	-0.167	-0.857	0.478	0.333	0.75	-0.75	0.8	1	-1	-0.6	-1	0.714	0.826	0.069	-0.902	-1	-1	-1	-1	-1	0.957	0.429	-1	-1	0.175	-1	0.018	-0.363	
-0.75	0	0.083	0.214	0.043	0.778	-0.5	-1	0.4	0.2	-1	-0.6	-1	0.714	0.327	0.507	-0.887	-1	-1	-1	-1	-1	0.957	0.419	-1	-1	-1	-0.246	-0.133	-0.023	
0.75	-0.857	0.083	-0.643	-0.304	-1	-0.5	-0.25	0	0.2	-0.6	-0.8	-0.143	1	-0.908	-1	-1	-1	-1	-1	-1	-0.062	0.148	0.722	-1	-1	-1	-0.384	0.372	0.244	
1	0.5	0.333	0	-0.739	-1	-0.5	-0.25	0.8	1	-1	-0.2	-0.143	1	0.077	0.159	-1	-1	-1	-1	-1	-1	0.816	-0.241	-1	-1	-0.711	-0.628	0.045	0.146	
1	-0.857	-0.167	-0.857	-0.13	-0.111	0	0.5	0.8	0.2	-0.2	-0.6	0.143	0.714	-0.425	0.169	-1	-1	-1	-1	-1	-1	0.894	0.457	-0.658	-1	-1	-0.309	-0.031	0.198	
-0.167	-0.357	0.083	-0.643	0.217	0.556	0.5	-1	-0.2	-0.2	-1	-0.2	0.429	1	-1	0.202	-1	-0.681	-1	-1	-1	-1	0.957	0.806	-1	-0.782	-0.727	-0.648	0.047	0.063	
-0.5	-0.357	0.083	-0.643	0.217	0.556	0.25	-0.75	0.8	0.2	1	0.4	-0.143	1	0.591	0.81	-1	-1	-1	-1	-1	-1	0.734	0.92	-1	-1	-0.577	-0.454	-0.322	-0.253	
0.083	-1	-0.75	-0.429	0.478	0.778	-1	-1	-0.2	-0.2	-1	-0.2	1	-0.143	0.326	0.734	-1	-1	-1	-1	-1	-1	0.961	0.773	-1	-1	-1	-0.211	0.09	0.195	
-1	0.214	0.583	-0.643	0.739	0.556	-0.5	-0.25	-1	0.6	-0.6	0	-0.429	0.714	0.372	0.202	-1	-1	-1	-1	-1	-1	0.894	0.922	-1	-1	-1	-0.258	0.087	0.173	
0.583	0.429	0.333	0	0.217	0.556	-0.5	-1	-0.6	-0.2	0.2	0.4	-0.143	0.429	0.853	-1	-1	-0.212	-1	-1	-1	-1	0.963	0.361	-1	-1	-1	-0.17	-0.309	0.129	
-0.75	0.5	0.083	-0.214	0.478	0.778	-0.5	-0.25	0	0.2	-1	-0.6	-0.143	1	-0.417	-0.329	-0.795	-1	-1	-1	-1	-1	0.711	0.23	0.064	-0.621	-1	-0.389	0.236	-0.019	
-0.75	-0.857	0.75	-0.857	1	0.778	-0.5	-1	-0.4	0.2	1	0.4	1	1	0.326	-1	-1	-1	-1	-1	-1	-1	0.969	0.92	-1	-1	-0.687	-0.596	0.263	0.127	
0.083	-0.643	-0.167	-0.429	0.913	-1	0.25	0	0	-0.6	-0.2	-1	-0.429	0.143	0.822	-1	-1	-1	-1	-1	-1	-1	0.92	0.595	0.148	-0.689	-0.611	-0.498	-0.061	0.032	
0.833	0.286	0.333	0.214	-0.304	0.333	-1	-0.25	-1	0.6	-0.2	-0.6	-0.714	1	0.337	-0.982	-1	-1	-1	-1	-1	-0.41	0.865	0.975	-1	-1	-1	-0.225	-0.098	0.141	
-1	-0.214	-0.5	-0.357	-0.13	-0.778	1	-1	0.8	1	0.6	-0.2	1	1	-1	0.664	-1	-1	-1	-1	-1	-1	0.941	0.846	-1	-1	-0.673	-0.578	-0.055	-0.228	
1	0.5	0.75	0	0.043	-0.333	-0.5	-1	-1	0.6	-1	-0.6	1	-0.714	0.609	-1	-1	-1	-1	-1	-1	-1	0.82	0.975	-1	-1	-1	-0.372	-0.012	0.15	
-0.5	-0.357	-0.167	-0.857	0.043	0.333	1	-1	-1	0.6	0.6	-0.2	1	1	-0.126	0.82	-1	-1	-1	-1	-1	-1	0.941	0.81	-1	-1	-0.613	-0.501	0.126	-0.042	
0.333	-0.429	0.083	-0.643	0.478	-0.333	0	-1	-0.6	0.6	-0.6	-0.8	-0.429	0.143	0.091	0.277	-1	-1	-1	-1	-1	-0.144	0.57	-0.613	-1	-1	-1	-0.249	0.052	0.218	
0.75	-0.857	0.083	-0.643	0.739	0.556	0	0.5	0.6	0.6	0.6	-0.2	-0.429	0.714	0.327	-1	-1	-1	-1	-1	-1	-1	0.902	0.877	-1	-1	-1	-0.407	0.048	0.197	
-0.75	-0.857	0.333	-0.857	-0.739	0.778	1	-1	1	0.6	0.2	0.4	-0.143	0.429	0.359	0.081	-1	-1	-1	-1	-1	-1	0.965	0.939	-1	-1	-1	-0.263	0.096	0.176	
1	-0.857	-0.333	-0.286	-0.304	0.333	-0.75	-0.75	-0.6	0.6	-1	-0.2	-0.714	1	-0.668	-0.892	-1	-1	-1	-1	-1	-1	0.961	0.949	-0.871	-1	-1	-0.457	0.159	0.111	
-0.5	-0.357	-1	-0.214	-0.304	0.333	0.5	-0.25	0.8	1	-1	-0.2	1	1	-1	0.82	-1	-1	-1	-1	-1	-1	0.957	0.961	-1	-1	-1	-0.334	0.298	0.127	
-0.333	-0.286	0.333	-0.857	0.739	0.556	-1	-1	-1	-0.2	0.2	-0.8	-0.143	0.429	0.091	0.546	-1	-1	-1	-1	-1	-1	0.867	0.939	-1	-1	-1	-0.252	-0.159	-0.032	
0.083	0	0.333	-0.857	-0.739	-1	1	-1	1	-0.2	-0.2	-1	-0.143	-0.714	0.572	-0.173	-1	-1	-1	-1	-1	-1	0.906	0.896	-1	-1	-1	-0.28	-0.124	0.093	
-0.75	0	-0.333	-0.286	-0.304	0.333	1	-1	0.2	1	0.2	-0.8	1	1	-0.93	0.941	-1	-1	-1	-1	-1	-1	0.941	0.443	-1	-1	-1	-0.373	0.011	-0.207	
-0.667	-0.214	-0.333	-0.286	0.043	-1	0.75	-0.75	-0.2	0.6	-0.2	-0.2	-0.429	0.714	-1	0.797	-1	-1	-1	-1	-1	-1	0.711	0.349	-1	-1	-0.709	-0.624	0.061	-0.162	
-0.333	-0.286	0.333	-0.857	-0.13	-0.111	1	-1	-0.8	0.2	-0.2	-0.6	1	1	-0.91	0.468	-1	-0.599	-1	-1	-1	-0.9	0.711	0.378	-1	-1	-1	-0.315	-0.095	0.206	
-0.75	0	0.333	-0.857	-0.478	0.556	-1	-1	0	0.2	-1	-0.2	-0.429	0.714	-0.408	0.826	-1	-1	-1	-1	-1	-1	0.941	0.257	-1	-1	-1	-0.348	-0.03	0.208	
-0.75	-0.429	0.083	-0.643	0.217	0.556	1	-1	0	0.2	1	0.8	-0.143	1	0.341	-0.152	-1	-1	-1	-1	-1	-1	0.969	0.912	-1	-1	-1	-0.295	-0.096	-0.019	
0.083	0	1	-0.857	-0.13	-0.111	0.25	0	1	-0.2	-0.2	-0.6	-0.429	0.143	0.073	0.46	-1	-1	-1	-1	-1	-1	0.961	0.39	-1	-1	-0.647	-0.544	-0.156	0.137	
-0.333	-0.286	0.083	0.214	0.478	-0.333	1	-1	1	0.6	1	0.8	-0.429	0.143	0.374	-0.666	-1	-1	-1	-1	-1	-1	0.957	0.963	-1	-1	-1	-0.346	-0.028	-0.157	
1	0.5	0.583	0.643	-0.304	0.333	-1	-1	0	0.2	-0.2	-0.2	-0.143	1	-0.157	0.57	-1	-1	-1	-1	-1	-1	0.961	0.773	-1	-1	-0.631	-0.524	-0.196	0.126	
-0.5	0.714	0.083	-1	0.478	0.778	0.75	-0.75	-0.6	-0.2	-1	-0.2	-0.429	0.714	0.806	-1	-1	-1	-1	-1	-1	-1	0.824	0.832	-1	-1	-1	-0.366	0.353	0.139	
-0.5	-0.357	0.583	0.214	0.739	0.556	0	-1	1	0.6	-1	-0.2	-0.429	0.143	0.343	0.926	-1	-1	-1	-1	-1	-1	0.703	0.478	-1	-1	-1	-0.251	-0.157	-0.141	
-0.167	-0.357	0.083	0.214	1	0.778	1	-1	1	0.6	-0.2	-0.6	-0.143	1	0.343	0.724	-1	-1	-1	-1	-1	-1	0.863	0.333	-1	-1	-1	-0.273	-0.131	-0.147	
-0.75	-0.857	-0.75	-0.429	1	0.333	1	-1	-0.8	0.2	1	0.4	1	1	0.326	-0.478	-0.562	-1	-1	-1	-1	-1	0.879	0.756	-1	-1	-1	-0.236	0.203	0.127	
-1	-0.214	-0.667	-0.214	0.478	0.333	1	-1	0.2	1	-0.6	0	-0.143	0.429	-1	0.453	-1	-1	-1	-1	-1	-1	0.957	0.924	-1	-1	-1	-0.381	0.026	-0.095	
-1	-0.214	0.083	-0.214	0.217	0.556	-0.5	-1	-0.6	0.6	-1	-0.6	-0.143	1	-1	0.818	-1	-1	-1	-1	-1	-1	0.734	0.288	-1	-1	-0.71	-0.625	0.054	0.065	
0.333	-0.714	-0.75	-0.429	0.739	0.556	0	-1	-1	0.6	-0.2	-1	-0.143	1	0.372	0.791	-0.294	-1	-1	-1	-1	-1	0.969	-0.093	-1	-1	-1	-0.094	0.161	0.191	
0.083	0.214	-0.167	0.5	0.217	-0.778	0.5	-1	-0.6	-0.2	0.6	-0.6	-0.429	0.143	0.103	-0.74	-1	-1	-1	-1	-1	-1	0.889	-0.376	-0.099	-0.768	-0.71	-0.625	0.289	0.032	
-0.5	0.714	-0.667	-0.214	0.478	0.778	0.25	0	-0.4	0.2	-1	-0.6	1	1	-0.429	-0.83	-1	-1	-0.71	-0.304	-1	-1	0.398	0.939	0.075	-1	-1	-1	-0.131	0.174	
-0.667	-0.214	-0.667	-0.214	-0.739	-1	1	-1	0.8	1	0.6	-0.2	-0.143	1	-1	0.359	-0.523	-1	-1	-1	-1	-1	0.941	0.286	-1	-1	-0.653	-0.553	-0.007	-0.064	
0.75	1	0.333	0.214	-0.13	-0.111	1	-1	0.2	0.6	0.2	0.4	0.429	1	-0.425	0.003	-0.953	-0.693	-1	-1	-1	-1	0.691	0.457	-0.924	-1	-1	-0.326	-0.13	0.148	
0.75	0.5	0.083	-0.643	-0.13	-0.111	-0.25	0.75	-0.8	-0.6	-0.6	0	-0.143	1	0.615	-1	-0.908	-1	-1	-1	-1	-1	0.836	0.996	-1	-1	-0.659	-0.561	-0.089	0.14	
0.75	0	0.583	-0.214	-0.304	0.333	-1	-1	0.6	-0.2	0.2	-0.8	-0.714	1	0.818	0.851	-1	-1	-1	-1	-1	-1	0.46	0.832	-1	-0.642	-1	-0.423	-0.014	0.061	
0.583	0.643	0.333	-0.857	0.739	0.556	-1	-1	-0.6	-0.2	-1	-0.2	-0.429	0.714	-0.128	-1	-1	-1	-1	-1	-1	-1	0.761	0.955	-1	-1	-1	-0.467	0.152	0.147	
1	-0.857	0.333	-0.857	0.217	0.556	-1	-1	0.2	-1	-1	-0.2	-0.143	1	0.844	-0.15	-1	-1	-1	-1	-1	-1	0.957	0.758	-1	-1	-1	-0.256	-0.157	0.246	
-0.417	-1	-0.167	0.5	-1	-0.778	0.25	-0.75	-0.2	-0.2	-1	-1	1	-0.143	-1	-1	-0.939	-1	-1	-1	-1	-1	0.922	0.599	0.202	-1	-0.599	-0.483	0.039	0.172	
-0.5	-0.714	-0.333	-0.286	0.043	-0.333	-0.5	-1	-1	0.6	-1	-0.2	0.714	-1	0.109	-1	-1	-1	-1	-1	-1	-1	0.978	-1	-1	-1	-1	-0.642	0.466	0.157	
0.083	0.214	-0.75	-0.429	-1	1	0	-1	0	0.2	-0.6	-0.8	-0.429	0.714	-1	0.148	-1	-1	-1	-1	-1	-1	0.546	0.693	-1	-1	-1	-0.491	0.193	0.073	
0.333	-0.429	0.083	-0.643	-0.304	0.778	0	-1	-0.6	0.6	-0.6	-0.8	-0.429	0.143	0.091	0.277	-1	-1	-1	-1	-1	-0.144	0.568	-0.613	-1	-1	-1	-0.249	0.052	0.218	
-0.667	-0.214	1	-0.857	-0.13	0.556	-1	-1	-0.4	0.2	-0.2	-0.2	-0.143	-0.714	0.026	0.57	-1	-1	-1	-1	-1	-1	0.836	0.752	-1	-1	-1	-0.282	-0.122	0.067	
-0.75	-0.429	0.083	0	-0.739	0.778	-0.25	-0.75	0	0.2	1	0.8	-0.143	1	0.091	0.691	-1	-1	-1	-1	-1	-1	0.965	0.376	-1	-1	-1	-0.289	-0.106	-0.007	
0.583	0.214	0.083	0	0.739	-0.111	-0.5	-0.25	-0.6	0.6	1	0	-0.429	0.143	0.067	-0.74	-0.873	-1	-1	-1	-1	-0.05	0.695	-0.079	-1	-1	-1	-0.229	0.115	0.159	
-0.75	-0.857	-0.75	-0.429	1	0.778	0.75	-0.75	0.8	1	-0.2	-1	-0.429	0.714	-0.376	0.664	-1	-1	-1	-1	-1	-1	0.566	0.945	-1	-1	-1	-0.327	-0.045	-0.16	
-0.167	-0.429	-0.75	-0.429	-0.304	0.778	-1	-1	-0.6	0.6	-0.2	-0.6	-0.429	0.714	-0.941	0.437	-1	-1	-1	-1	-1	-0.155	0.015	0.443	-1	-1	-0.636	-0.53	0.116	0.053	
0.75	-0.857	0.583	0	0.043	0.778	-0.5	-1	0	0.2	0.2	1	1	1	0.085	0.865	-1	-1	-1	-1	-1	-1	1	0.922	-1	-1	-0.588	-0.468	-0.304	0.148	
-0.75	-0.857	0.583	-0.643	0.043	0.333	0.75	-0.75	0.2	1	-0.2	-0.6	-0.429	0.714	-0.894	0.398	-1	-1	-1	-1	-1	-0.245	0.636	-0.058	-1	-1	-1	-0.307	0.123	0.246	
-0.333	-0.286	0.75	-0.857	0.043	0.778	0	-1	0.6	-1	-0.2	-1	1	0.429	-0.423	0.695	-1	-0.975	-1	-1	-1	-1	0.957	0.885	-1	-1	-0.629	-0.522	-0.2	0.071	
0.083	0.429	0.333	0.214	-0.13	0.556	-1	-1	0	-0.6	-0.6	0	0.714	0.143	0.978	-1	-1	-1	-1	-1	-1	-0.089	0.92	-1	-1	-1	-0.629	-0.522	0.125	0.126	
-0.333	-0.286	0.083	0.214	-0.043	0.111	-1	-1	0.6	-0.2	0.2	-0.8	0.714	0.143	-0.926	-1	-1	0.077	-0.622	-1	0.031	0.236	0.527	0.441	-1	-1	-1	-1	-0.351	0.176	
-0.75	-0.429	0.833	0.286	0.478	0.333	0.25	-0.75	1	0.6	-1	-0.6	0.143	0.143	0.984	-0.165	-1	0.543	-1	-1	-1	-1	0.726	-0.605	-1	-0.548	-1	-0.27	0.15	0.009	
-1	-0.214	0.583	0.429	0.478	-0.333	1	-1	1	0.6	1	0.8	-0.143	0.429	0.374	0.241	-1	-1	-1	-1	-1	-1	0.816	0.961	-1	-1	-1	-0.258	-0.141	0	
0.333	-0.429	0.333	0.214	0.043	-0.333	1	-1	0.6	0.6	-0.2	-0.2	-1	-1	0.339	-0.228	-1	-1	-1	-1	-1	-1	0.955	0.951	-1	-1	-1	-0.301	-0.099	0.108	
-0.167	0.5	-1	-0.214	0.217	-0.778	0.5	-1	0.2	1	-0.6	-0.8	0.714	-1	0.625	-1	-0.892	-1	-1	-1	-1	-1	0.92	-0.902	0.019	-0.483	-0.354	-1	0.216	-0.039	
-0.667	-0.214	0.333	1	-1	1	-1	0.5	-0.2	0.6	-0.2	-0.6	1	0.429	-0.128	0.726	-1	-1	-1	-1	-1	-1	0.828	0.949	-1	-1	-0.617	-0.506	-0.201	0.009	
0.083	0.214	0.75	0.5	0.217	-0.778	0.5	-1	-0.4	-0.6	0.6	-0.6	-0.429	0.143	0.103	-1	-1	-1	-1	-1	-1	-0.834	0.889	-0.009	-0.179	-0.756	-0.694	-0.606	0.277	0.028	
-0.167	0.5	-0.333	-0.286	-0.304	-1	-1	0.5	0.4	0.2	-1	-0.2	1	1	-1	-1	0.153	-1	-1	-1	-1	-1	-0.357	0.947	-1	-1	-1	-0.364	0.26	0.244	
-1	-0.214	1	-0.857	-0.739	0.778	-0.5	-1	-0.2	-1	-1	-0.6	0.429	0.429	0.353	0.507	-1	-1	-1	-1	-1	-1	0.957	0.439	-1	-1	-1	-0.273	-0.125	0.083	
-0.167	-0.357	1	-0.857	-0.739	-1	1	-1	0	0.2	0.6	-0.6	-0.143	-0.143	0.093	0.849	-1	-1	-1	-1	-1	-1	0.836	0.908	-1	-1	-1	-0.224	-0.188	-0.065	
-0.167	-0.857	-0.75	-0.429	-0.304	0.778	0	-1	1	0.6	-0.2	-0.6	-1	0.714	-1	0.187	-1	-1	-1	-1	-1	-0.648	0.515	0.189	-1	-1	-1	-0.446	0.228	0.088	
0.583	-0.214	0.083	-0.214	0.217	0.556	-0.5	-1	-0.4	-0.6	0.2	-0.8	1	1	-1	0.865	-1	-1	-1	-1	-1	-1	1	0.785	-1	-1	-0.661	-0.563	-0.108	0.025	
0.083	0.714	-0.75	-0.429	-0.304	0.778	-1	-1	-0.6	0.6	-0.6	0.4	-0.143	1	-0.902	-0.345	-0.937	-1	-1	-1	-1	-1	0.546	0.443	0.069	-1	-1	-0.237	0.059	0.158	
0.333	-0.857	0.833	0.286	0.739	0.556	1	-1	0	0.2	-0.2	-0.2	0.714	0.714	-0.629	0.625	-1	-1	-1	-1	-1	-1	0.961	0.904	-1	-1	-1	-0.319	-0.084	0.141	
0.583	-0.643	1	0	-0.739	-0.333	-0.75	0.75	-0.2	0.6	0.2	-0.8	0.429	0.429	0.073	0.329	-1	-1	-1	-1	-1	-1	-0.376	0.052	-1	-0.79	-1	-0.662	0.426	0.536	
-0.167	-0.857	1	-0.857	-0.304	0.778	0.5	-1	-0.2	-1	-1	-0.6	1	-0.143	0.122	-0.595	-1	-1	-1	-1	-1	-1	0.296	0.695	-1	-1	-1	-0.475	0.159	0.241	
0.333	-0.714	0.583	-0.214	0.478	-1	0.75	0	0.2	-0.2	0.6	-0.6	-0.714	0.429	0.23	-1	-0.738	0.198	-1	-1	-1	-0.767	0.853	0.296	-1	-1	-0.483	-0.333	-0.258	0.21	
-0.5	-0.357	-0.5	0.714	-0.739	0.333	-1	-1	0.6	-0.2	-1	-0.2	-0.143	1	-1	0.851	-1	-1	-1	-1	-1	-1	0.961	0.331	-1	-1	-0.691	-0.602	0.398	0.13	
-0.167	-0.357	-0.333	-0.286	-0.304	0.333	1	-1	0.2	-0.2	-1	-0.2	-0.143	1	-1	0.849	-1	-1	-1	-1	-1	-1	0.832	0.801	-1	-1	-1	-0.363	-0.004	-0.193	
0.333	0.214	0.083	0.714	-0.304	0.778	-0.75	-0.75	-0.8	1	-1	-0.6	0.429	0.429	0.853	-0.595	0.283	-1	-1	-1	-1	-1	0.738	-1	-1	-0.727	-0.659	-0.56	0.335	0.039	
-0.333	-0.286	0.583	-0.643	-0.304	0.778	1	-1	0	0.2	1	-0.8	-0.143	-0.143	-0.378	0.281	-1	-1	-1	-1	-1	-1	0.906	0.881	-1	-1	-1	-0.339	-0.047	0.029	
0.583	-0.643	-0.75	-0.429	-0.13	0.556	-0.5	-0.25	0.8	0.2	-1	-1	-1	0.143	-0.681	-1	-1	-1	-1	-1	-1	0.03	0.646	0.947	-1	-1	-0.611	-0.498	0.117	0.181	
-0.167	-0.357	0.583	-0.214	-0.043	0.111	-0.5	-1	0.6	-0.2	-1	-0.2	-0.714	1	-1	0.851	-1	-0.916	-1	-1	-1	-1	0.457	0.769	-1	-0.8	-0.75	-0.677	0.146	0.112	
0.333	-0.714	-0.75	-0.429	-0.739	0.778	1	-1	0.2	0.6	0.2	1	-0.429	0.714	0.118	0.441	-1	-1	-1	-1	-1	-1	0.961	0.951	-1	-1	-1	-0.249	-0.154	-0.058	
-0.5	0.714	-0.167	0.5	-1	1	-0.75	-0.75	0.2	0.6	-0.6	0	0.429	0.429	-1	0.171	-0.593	-1	-0.707	-1	-0.2	-1	0.957	0.457	-0.501	-1	-1	-1	-0.081	0.122	
1	-0.857	0.083	-0.643	-1	1	1	-1	0	0.2	-0.6	0	-0.714	0.429	0.572	-0.525	-1	-1	-1	-1	-1	-1	0.961	0.908	-1	-1	-1	-1	-0.07	0.203	
-0.333	-0.286	1	-0.857	0.478	0.778	-1	-1	0	0.2	-0.6	-0.8	1	1	-0.881	1	-1	-1	-1	-1	-1	-1	0.507	0.38	-1	-1	-1	-0.419	0.056	0.244	
-0.333	-0.286	0.75	0	0.478	0.778	-1	-1	-0.4	1	-1	-0.6	-0.429	0.714	-0.91	0.437	-1	-1	-1	-1	-1	-0.437	0.03	0.92	-1	-1	-1	-0.317	0.05	0.203	
-0.5	-0.714	0.083	0	-0.739	0.778	-0.75	-0.75	-0.8	-0.6	-1	-0.2	1	1	0.374	0.353	-1	-1	-1	-1	-1	-1	0.949	-1	-1	-1	-1	-0.457	0.135	0.048	
0.75	0.5	0.583	0.429	0.739	0.556	-1	0.5	0.8	0.2	0.2	0.4	0.429	1	-0.386	-0.951	-1	-1	-1	-1	-1	-1	0.648	0.496	-1	-1	-1	-0.558	0.301	0.165	
-0.75	-0.429	0.75	0.5	-0.304	0.778	-1	-1	0.2	0.6	-1	0.2	0.714	-0.429	0.116	-0.885	-1	-1	-1	-1	-1	-1	-1	0.153	-1	-1	-0.571	-1	0.57	0.539	
-0.167	-0.429	0.083	0.214	1	0.778	0	-1	-0.8	1	-0.6	0	-0.714	1	-0.658	0.742	-1	-1	-1	-1	-1	-1	0.953	0.961	-1	-1	-0.64	-0.536	-0.167	0.023	
-0.75	-0.429	-0.167	0.5	0.478	0.778	1	-1	0.2	0.6	-1	-0.6	0.143	0.143	-1	0.163	-0.609	-1	-0.737	-1	-0.283	-1	0.707	0.394	-0.642	-1	-1	-1	0.039	0.138	
0.833	0.286	0.083	-0.643	-0.478	0.556	0.75	0	-0.2	0.6	0.2	0.4	0.714	0.143	0.607	-0.193	-1	-1	-1	-1	-1	-1	0.808	-1	-1	-1	-1	-0.51	0.196	0.183	
0.333	0.214	-0.417	-1	0.478	0.778	-0.75	-0.75	-0.6	-1	0.6	-0.2	-0.429	0.714	0.732	0.316	-1	-1	-1	-1	-1	-1	0.392	0.916	-1	-1	-1	-0.262	0.086	0.139	
0.75	0.214	0.083	-1	0.478	-0.333	0.5	1	0.4	0.2	0.2	-0.4	0.143	0.714	-0.932	-0.525	-1	-1	-1	-1	-1	-1	0.279	0.98	-0.963	-1	-0.766	-0.698	0.259	0.217	
0.583	-0.643	0.583	0	-0.13	-0.111	-0.5	0.5	-0.8	0.2	0.2	-0.4	-0.714	1	0.075	0.277	-1	-1	-1	-1	-1	-1	0.713	-0.081	-0.402	-1	0.166	-1	-0.056	0.211	
0.083	0.429	-0.333	-0.286	0.043	0.333	-0.5	0.5	-0.2	0.6	0.2	-0.4	0.714	0.714	-1	-1	0.466	-1	-1	-1	-1	-1	0.582	-0.531	-1	-1	-1	-0.336	0.472	0.189	
-0.75	-0.857	0.583	0	-0.304	0.778	-1	-1	-1	0.6	1	-0.8	-0.429	0.714	-0.785	0.281	-1	-1	-1	-1	-1	-1	0.961	0.38	-1	-1	-0.71	-0.626	0.053	0.159	
0.333	1	0.75	-0.857	0.478	0.778	-1	-1	-0.4	0.2	-0.2	-1	-0.143	0.429	-0.934	-0.056	-0.677	-1	-1	-1	-1	-1	0.992	0.922	-1	-1	-1	-0.334	0.048	0.172	
-0.167	-0.857	0.083	0	0.478	-0.333	-1	0.5	-0.2	0.6	0.2	-0.4	-1	0.714	-1	0.187	-1	-1	-0.865	-0.676	-0.632	-0.648	0.953	0.384	-1	-1	-1	-1	0.017	0.096	
0.333	0	0.333	-0.857	0.217	-0.778	-0.5	0.5	0.8	0.2	-1	-1	-0.714	0.429	-1	-1	-1	-1	-1	-1	-1	0.03	0.65	0.978	-1	-1	-1	-0.28	0.225	0.168	
0.583	-0.214	0.833	0.286	-0.304	0.778	0.25	-0.75	-0.6	-1	-0.2	-0.2	1	1	0.124	0.691	-1	-1	-1	-1	-1	-1	0.98	0.443	-1	-1	-1	-0.276	-0.144	0.127	
-0.75	-0.857	-0.167	-0.357	-0.739	-1	0	1	-0.8	0.2	-1	-0.2	0.714	0.714	-0.165	-1	-1	-1	-1	-1	-1	-0.812	0.656	-1	-0.431	-1	-0.737	-0.661	0.413	0.246	
0.083	0.429	0.083	0.714	0.478	0.778	-0.5	-0.25	-0.8	0.2	-0.2	-0.6	-0.429	0.143	0.767	-1	-0.838	-1	-1	-1	-1	-1	-1	0.484	-1	-0.861	-0.827	-0.776	0.522	0.237	
-0.667	-0.214	-0.417	-1	0.739	0.556	-0.75	0.75	0.6	0.6	0.2	-0.8	0.429	0.429	0.965	-1	-1	0.466	-1	-1	-1	-1	-0.017	0.232	-1	0.412	-1	-1	0.128	0.306	
-0.667	-0.214	-0.75	-0.429	0.043	0.778	0.75	-0.75	-0.4	0.2	0.2	-0.4	-0.429	0.714	-1	0.664	-1	-1	-1	-1	-1	-0.312	0.085	0.934	-1	-1	-0.616	-0.504	-0.035	0.238	
0.333	0.214	-0.167	-0.857	-0.13	-0.111	0.5	1	-0.8	0.2	0.2	-0.8	1	1	-0.934	0.167	-1	-1	-1	-1	-1	-1	0.896	0.449	-0.415	-1	-1	-0.299	0.013	0.195	
-0.417	-1	1	0.5	0.739	-0.111	-1	-1	-0.8	-0.6	-0.2	-0.6	-0.429	0.143	-0.378	0.398	-0.83	-1	-1	-1	-1	-1	0.92	0.474	-1	-0.7	-1	-0.516	0.192	0.079	
0.333	-0.429	0.333	1	-0.739	0.778	0	0.5	0.6	0.6	0.6	-0.2	1	1	-1	-0.904	-0.351	-1	-1	-1	-1	-1	0.589	0.994	-1	-0.576	-0.47	-1	0.545	0.019	
0.333	-0.429	1	-0.857	0.478	0.778	-1	-1	-1	-0.2	-1	-0.2	-0.143	-0.714	0.327	-0.165	-1	-1	-1	-1	-1	-1	0.961	0.84	-1	-1	-1	-0.308	-0.095	0.168	
-0.75	0.5	-0.75	-0.429	0.478	0.778	-0.5	-0.25	0	0.2	1	0	-0.143	1	-0.934	-0.369	-0.912	-1	-1	-1	-1	-1	0.742	-0.079	0.067	-1	-1	-0.274	0.162	0.149	
-0.167	-0.857	-0.5	0.714	-0.739	-1	0	-1	0.2	-1	-0.6	-0.4	1	-0.143	0.625	-0.92	-1	-1	-1	-1	-1	-1	0.891	-1	0.374	-1	-0.578	-0.456	-0.025	0.195	
0.333	-0.857	0.083	0	-0.739	-1	0.75	0	0.2	-1	0.6	-0.2	1	1	-1	-1	-0.413	-1	-1	-1	-1	-1	0.613	0.439	-1	-1	-1	-0.475	0.302	0.267	
0.583	0.214	-0.333	-0.286	0.478	0.778	0.5	1	-0.8	0.2	-1	-0.6	0.714	0.714	-0.417	0.171	-1	-1	-1	-1	-1	-1	0.898	0.449	-0.918	-1	-1	-0.384	0.036	-0.11	
-0.5	0.714	0.583	0	-0.739	0.333	0	0.5	0.2	0.6	-1	-0.2	-0.143	-0.143	0.087	-0.634	-1	-0.216	-1	-1	-1	-1	0.769	-1	-1	-1	-0.689	-0.599	0.156	0.233	
-1	0.214	-0.75	-0.857	0.043	0.333	0.5	1	-0.8	0.2	0.2	-0.8	0.714	0.714	-0.666	0.169	-1	-1	-1	-1	-1	-0.048	0.718	0.464	-1	-0.637	-1	-0.414	0.373	0.133	
-0.333	-0.286	-0.333	-0.286	-0.739	0.778	-1	-1	0.4	-0.6	-0.2	-0.2	-0.429	0.143	-1	0.922	-1	-1	-1	-1	-1	-1	0.718	0.975	-1	-1	-1	-0.348	-0.025	-0.202	
0.583	-0.214	-0.167	1	-0.13	-0.778	-0.75	-0.75	1	0.6	0.6	-0.6	0.714	0.143	-0.492	-1	-0.951	0.183	-1	-0.252	-1	-1	-0.975	0.582	-1	-1	-1	-1	0.27	0.358	
1	0.5	-0.333	-0.286	0.739	0.556	-1	-1	-0.6	0.6	-1	-0.2	1	1	-1	-1	-1	-1	-1	-1	-1	-1	-0.06	0.836	0.367	-1	-0.628	-0.521	0.097	0.217	
1	1	0.583	-0.214	-0.478	-0.111	-1	-0.25	0	0.2	0.2	0.8	-0.143	1	-0.417	-0.269	-1	-1	-1	-1	-1	-1	0.582	0.226	0.146	-1	-0.581	-0.459	-0.102	0.183	
-1	-0.714	-0.75	-0.429	-1	1	-0.5	-0.25	-0.6	-1	0.2	0	1	0.429	-1	-0.748	-1	-1	-1	-1	-1	-0.611	0.617	0.421	-1	-1	-0.744	-0.67	0.315	0.172	
0.833	0.286	0.75	-0.857	0.739	-0.111	1	-1	0	0.2	-1	-0.6	-0.429	0.714	-0.91	-1	-1	-1	-1	-1	-1	-0.148	0.638	0.449	-1	-1	-0.682	-0.589	0.321	0.189	
-1	0.714	-0.667	-0.214	0.478	0.778	-1	-1	-0.2	-0.2	0.6	-0.2	-0.429	0.143	-1	0.413	-1	-1	-1	-1	-1	-1	0.718	0.916	-1	-1	-1	-0.414	0.074	-0.07	
0.583	0.643	-1	-0.214	-1	1	0.5	-1	-1	0.6	-0.2	0.2	0.714	0.714	0.867	-1	-1	-1	-1	-1	-1	-1	0.92	-0.648	0.015	-0.466	-0.332	-1	0.219	0.242	
0.083	0.214	-0.417	0.143	0.217	-0.778	0.5	-1	-0.2	-1	-1	-1	1	-0.714	0.607	-0.791	-1	-1	-1	-1	-1	-1	0.935	-1	-0.646	-1	-0.165	-1	0.141	0.118	
0.333	1	0.833	0.286	-0.478	-0.111	0.75	0	0	-0.6	0.2	-0.8	-0.429	0.714	0.934	-1	-1	-1	-1	-1	-1	-1	0.808	-0.546	-1	-1	-1	-0.513	0.257	0.217	
0.75	0.214	0.583	0.643	0.217	-0.778	-0.5	-1	0.8	-0.6	-1	-1	0.714	0.143	-1	-0.975	-0.806	-1	-1	-1	-1	-1	0.984	0.625	0.15	-1	0.259	-1	-0.059	0.146	
0.083	-0.643	0.333	-0.857	0.478	-1	1	-1	-1	-1	-1	-0.6	-0.714	-0.143	0.572	-0.173	-1	-1	-1	-1	-1	-1	0.883	0.889	-1	-1	-1	-0.283	-0.116	0.161	
-0.333	-0.286	-0.167	0.5	-0.043	0.111	-0.75	-0.75	-0.4	-0.6	-1	-0.6	0.429	-0.143	0.591	-1	0.359	-1	-1	-1	-1	-1	-0.498	-1	-1	-1	-1	-0.362	0.461	0.175	
-0.75	0	0.583	0.643	-0.739	0.778	-0.75	-0.75	1	0.6	1	0.8	-0.714	0.429	0.337	0.574	-1	-1	-1	-1	-1	-1	0.961	0.441	-1	-1	-1	-0.267	-0.126	0.015	
-0.667	-0.214	-0.167	-0.429	-0.739	0.333	-1	-1	-0.6	-0.2	-1	-1	0.714	-0.429	-1	-1	-1	-0.978	-1	-1	-0.607	-0.832	-1	0.926	-1	-1	-1	-1	0.553	0.337	
-0.5	-0.714	0.75	0.214	0.478	-1	-0.5	-1	-0.8	0.2	-1	0.2	0.143	0.143	0.304	-1	-0.175	-1	-1	-0.163	-0.049	-1	0.961	0.314	0.994	-1	-1	-1	-0.403	0.075	
-0.5	0.714	0.583	0.214	0.217	0.556	0	-1	-0.8	0.2	1	0.8	-0.143	1	-0.926	-0.14	-1	-1	-1	-1	-1	-1	0.906	0.912	-1	-1	-1	-0.448	0.116	0.135	
0.083	-1	-0.333	-0.286	-0.739	0.778	0.25	-0.75	0.8	0.2	-1	0.2	0.143	0.143	-1	0.249	-0.597	0.222	-1	-1	-1	-1	-0.228	0.949	-0.932	-1	-1	-0.047	-0.318	-0.055	
0.583	0.429	-0.75	-0.429	-1	1	-1	-1	-1	0.6	-0.6	-0.8	1	0.429	0.005	-1	-0.216	-1	-1	-1	-1	-1	0.992	-0.525	0.615	-1	-0.432	-0.267	-0.255	0.165	
0.333	0	0.583	0	-1	1	0	-0.25	0	0.2	1	0	-0.143	1	-0.879	0.629	-1	-1	-1	-1	-1	-1	0.945	0.881	-1	-1	-1	-0.352	-0.033	0.116	
-0.75	-0.429	0.833	0.286	-0.13	-0.111	-1	0.5	0	0.2	0.2	0	-0.143	-0.714	0.572	-1	0.402	-1	-1	-1	-1	-1	0.435	0.793	0.226	-1	-1	0.32	-0.394	-0.057	
0.083	-0.214	0.833	0.286	0.478	-0.333	0	0.5	0.8	1	0.2	0	0.714	0.714	0.024	0.181	0.808	-0.863	-1	-1	-1	0.394	0.889	0.584	-0.849	-0.259	-1	0.195	-0.441	-0.14	
0.583	0.429	0.75	0	-0.13	-0.111	-0.25	0.75	0.2	0.6	-1	-0.6	-0.429	0.714	0.091	-1	-1	-1	-1	-1	-1	-1	0.969	-1	0.204	-1	-0.636	-0.53	0.119	0.165	
0.083	-0.643	-0.583	0.286	0.217	0.556	-0.25	-0.75	-0.8	-0.6	0.6	-0.6	1	0.429	-0.674	-1	-1	-1	-1	-1	-1	-1	0.822	-1	0.138	-1	-0.7	-0.613	0.264	0.193	
0.083	-0.643	0.333	0.214	-1	1	-1	-1	0	-0.6	1	-0.4	0.143	0.143	-1	-1	-1	-0.455	-1	-1	-1	-0.722	0.388	0.298	-0.718	-1	-0.673	-0.578	0.086	0.197	
1	-0.857	-0.75	-0.429	0.478	0.778	-0.5	-0.25	0	0.2	-0.6	-0.8	-0.429	0.714	-0.91	0.413	-1	-1	-1	-1	-1	-0.06	0.21	-0.079	-1	-1	-1	-0.305	0.231	0.064	
0.583	0.643	0.583	0.643	-0.304	-0.333	-1	0.5	1	-0.2	0.6	-0.6	1	-0.143	0.572	-0.603	-1	-1	-1	-1	-1	-1	0.406	-1	-0.9	-1	-0.783	-0.719	0.333	0.253	
0.583	0.857	-1	-0.214	-0.304	0.333	0	-0.25	0.4	0.2	0.6	0.6	-0.429	0.714	0.372	-1	-0.838	-1	-1	-1	-1	-1	-0.06	-1	-1	-0.783	-0.728	-1	0.682	0.708	
0.083	-0.643	-0.167	-0.429	-0.478	-0.111	-1	0.5	-0.6	-0.2	-0.2	-1	-0.429	0.143	0.76	-1	-1	-1	-1	-1	-1	-1	-1	0.359	0.425	-0.465	-0.332	-1	0.095	0.33	
-0.75	0.5	-0.75	-0.429	-1	1	-1	0.5	0	0.2	-1	-1	-0.143	1	-0.934	-0.744	-0.932	-1	-1	-1	-1	-1	0.711	-0.101	0.022	-1	-1	-0.343	0.248	0.177	
0.75	0	0.333	0.214	0.478	0.778	-0.75	-0.75	-0.8	0.2	1	-0.8	-1	0.714	0.341	0.754	-1	-1	-1	-1	-1	-1	0.957	0.421	-1	-1	-1	-0.248	-0.17	0.081	
0.75	0.5	1	0.214	0.043	0.778	-0.5	-1	-0.6	-0.2	-1	-1	-0.714	1	0.81	-1	-1	-0.236	-1	-1	-1	-1	-0.523	0.832	-1	-0.69	-1	-0.5	0.095	0.176	
0.75	0.214	-1	-0.714	0.043	0.333	0	1	0.2	-1	-1	-1	0.429	0.429	-0.009	0.29	-0.306	-1	-1	-1	-1	-0.642	0.875	0.437	-1	-1	-0.507	-0.363	-0.025	0.153	
-0.5	-0.714	-0.333	-0.286	0.043	-1	0.75	0	0.6	-0.2	1	-0.4	-1	0.143	0.224	-1	-1	-0.548	-1	-1	-1	-1	0.822	-1	-1	-0.785	-1	-0.654	0.422	0.119	
0.583	-0.214	0.083	0	0.043	-1	-0.5	-1	-0.8	0.2	-1	1	1	0.429	0.37	0.83	-1	-1	-1	-1	-1	-1	0.98	-1	-1	-0.067	-1	-1	0.773	-0.211	
-0.75	0.5	0.833	0.786	-0.739	0.333	0	0.5	-0.8	0.2	-0.2	-0.6	-0.429	0.714	-1	-0.775	-0.574	-1	-1	-1	-1	-1	0.707	0.206	-0.658	-1	-1	-0.413	0.294	0.169	
0.583	-0.214	0.333	0.214	1	0.333	-0.75	0.75	-0.4	0.2	-1	-0.6	0.143	0.143	0.969	-1	-1	0.717	-1	-1	-1	-1	-0.087	0.232	-1	-0.568	-1	-0.303	0.189	0.301	
-0.75	0.5	-1	-0.714	0.478	0.778	-0.5	0.5	0.2	1	0.2	-0.8	1	1	-0.394	-0.251	0.079	-1	-1	-1	-1	-1	0.777	-1	-0.969	0.063	-1	-1	0.54	0.585	
0.583	0.429	0.333	-0.429	0.217	0.556	-0.75	-0.75	0	-0.6	0.2	0.4	0.714	-0.429	-0.803	-1	-0.844	-1	-1	-1	-1	-0.943	-0.509	0.896	-0.959	-0.42	-1	-1	0.83	0.124	
-0.75	0.5	0.75	0	0.478	0.778	0.75	-0.75	1	-0.2	-0.2	-0.6	-0.429	0.143	-0.922	-1	-1	-1	-1	-1	-1	-1	0.961	0.449	0.204	-1	-0.61	-0.497	0.07	0.148	
-0.5	-0.714	0.583	-0.214	0.043	-1	0.75	0	-0.2	-1	0.6	-0.2	0.714	-0.429	0.863	-0.969	-1	-1	-1	-1	-1	0.128	0.75	-0.077	0.267	-1	-0.367	-0.183	-0.222	0.181	
0.083	0.429	0.75	0.214	1	0.333	0.75	0	-0.2	0.6	1	-0.8	0.714	0.143	0.853	-1	0.095	-1	-1	-1	-1	-1	0.806	-1	-1	-0.758	-0.697	-0.609	0.462	0.044	
0.333	0.214	-0.167	-0.429	-0.304	-0.333	0.25	0.75	0	0.2	-0.6	0	-0.714	1	-0.808	-0.756	-0.869	-1	-1	-1	-1	-1	-1	0.326	-0.808	-0.868	-1	-0.787	0.654	0.291	
-0.167	-0.857	-0.333	-0.286	-0.13	-0.111	-1	1	-0.4	-0.6	-0.6	0	-0.429	-0.429	-1	-0.595	-0.83	-1	-1	-1	-1	-0.687	0.75	0.457	-1	-0.752	-1	-0.6	0.442	0.31	
0.083	0.429	-1	0.714	-0.304	0.778	-1	-0.25	-0.4	0.2	-1	-0.6	0.714	0.714	-0.891	-1	-1	-1	-1	-1	-1	-1	0.988	-1	0.212	-1	-0.692	-0.603	0.226	0.159	
0.583	-0.214	0.083	0	0.739	0.556	-0.5	-0.25	-0.2	0.6	-0.2	-0.6	0.714	0.714	-1	-0.564	-1	-0.046	-1	-1	-1	0.546	-1	0.906	-1	-0.674	-0.593	-0.475	0.066	0.173	
-0.75	-0.857	0.75	0.214	-0.304	-0.333	-0.75	-0.75	-0.2	0.6	0.6	-1	-0.714	-0.143	-1	-0.621	-1	-1	-1	-1	-1	-1	-1	0.069	-1	-0.884	-0.855	-1	0.774	0.352	
0.333	1	-0.5	-0.714	-0.304	-1	1	0.5	0.6	-1	-1	-0.2	1	1	-0.157	-1	-1	-1	-1	-1	-1	-1	0.838	0.697	0.384	-1	-0.53	-0.393	-0.199	0.156	
-1	-0.214	0.083	0	0.478	-1	0.25	-0.75	0.8	0.2	-0.6	0.4	1	-0.714	-1	-1	-0.357	-0.693	-1	-0.452	-1	-1	-1	0.431	-1	-1	-1	-1	0.299	0.359	
0.583	-0.214	0.583	0	-0.304	-1	0.75	-0.75	0.8	1	-0.2	-0.6	-0.429	0.143	-1	-1	-1	-0.539	-1	-1	-1	-1	-0.179	-1	-1	-0.898	-1	-0.836	0.57	0.56	
0.083	0.429	0.333	0.214	-0.13	0.556	-1	-1	-1	-1	-0.6	-0.4	1	-0.714	0.73	-0.607	-1	-1	-1	-1	-1	-1	0.883	-1	-1	-1	-0.76	-0.69	0.23	0.122	
-0.75	-0.429	0.583	-0.214	0.913	-1	-0.5	1	0.2	0.6	-0.2	-0.6	-0.429	0.714	-0.175	-1	-1	0.284	-1	-1	-1	-1	0.511	-1	-0.384	-1	-0.575	-0.451	0.153	0.189	
-0.167	1	-0.75	-0.429	-0.13	-0.111	0.75	0	1	-0.2	-0.2	-0.6	-1	0.714	-1	0.39	-1	-1	-1	-1	-1	-1	0.961	0.484	-0.384	-1	-1	-0.26	-0.035	-0.004	
0.583	0	-1	-0.714	0.478	-0.333	-0.25	-0.75	1	0.6	-0.6	0.4	1	-0.714	-1	-1	-0.322	-0.943	-1	-1	-1	-1	-1	0.271	-1	-1	-0.44	-1	0.38	0.376	
0.333	-0.429	-0.5	-0.357	-0.304	-1	1	-0.25	0.4	0.2	-0.2	0.6	-0.143	0.429	0.114	-1	-1	-1	-1	-1	-1	-1	-1	-1	-1	-0.799	-1	-1	0.863	0.751	
0.75	0	-0.167	0.5	0.217	-0.778	0.5	-1	-0.6	-0.2	-1	-1	0.714	-1	-1	-0.982	-0.767	-1	-1	-1	-1	-1	0.92	0.609	0.144	-0.441	-0.301	-1	0.101	-0.012	
1	-0.857	0.083	0.429	0.478	0.778	-0.75	-0.75	-0.8	0.2	1	0.4	-0.714	1	0.326	0.777	-1	-1	-1	-1	-1	-1	0.957	0.437	-1	-1	-1	-0.246	-0.168	0.131	
-0.333	-0.286	0.333	-0.857	0.043	0.333	-1	-1	0.6	-0.2	1	-0.8	-0.429	0.714	-0.891	-1	-1	0.523	-1	-1	0.255	-0.531	0.14	0.441	-1	-1	-1	-1	-0.054	0.197	
-0.167	-0.357	0.583	0	0.739	0.556	-0.5	-0.25	-0.8	1	-0.2	-0.6	0.714	0.714	-1	0.687	-1	-1	-1	-1	-1	0.046	-1	0.906	-1	-1	-1	-0.279	0.205	0.311	
-0.75	0.5	-1	-0.714	0.217	0.556	0	-0.25	-0.6	-1	-1	0.2	-0.714	1	-0.543	-1	-0.76	-1	-1	-1	-1	-0.415	-0.04	0.228	-1	-1	-0.718	-0.636	0.437	0.368	
0.833	0.286	-0.583	0.286	-0.478	-0.111	-1	0.5	0.4	0.2	-1	0.2	1	-0.714	-0.425	-1	-1	-1	-1	-1	-1	-1	0.873	-1	-0.361	-1	-0.757	-0.687	0.407	0.173	
-0.167	0.5	0.333	0	-0.304	-0.333	-0.25	-0.75	-0.6	-0.2	0.6	-0.2	0.714	0.714	-1	0.488	-1	0.363	-1	-1	-1	-1	-1	0.466	-1	-0.759	-0.699	-0.611	0.258	0.186	
0.083	0.429	-0.75	-0.429	0.478	0.778	-0.5	-0.25	1	-0.2	-0.2	0.6	1	1	-1	-0.494	-1	-1	-1	-1	-1	-1	0.711	-1	0.005	-1	-0.716	-0.634	0.341	0.177	
-0.75	0	-0.5	0.714	-0.739	0.778	1	-1	-0.4	0.2	1	0.8	-0.143	1	-0.664	0.617	-1	-1	-1	-1	-1	-1	0.894	0.943	-1	-1	-0.653	-0.552	0.212	0.133	
-0.75	-0.857	0.75	-0.857	-0.304	0.778	0.75	-0.75	0.2	-0.2	-0.2	-0.2	0.143	-0.429	0.926	-1	-1	-0.277	-1	-1	-1	-1	-1	0.198	0.236	-0.696	-0.62	-0.51	0.029	0.53	
0.583	-0.643	1	0.214	-0.739	-1	-0.75	0.75	0.4	0.2	0.2	-0.8	-0.429	0.714	0.353	-1	-1	-0.546	-1	-1	-1	-1	-1	-0.281	-0.578	-0.781	-1	-0.646	0.5	0.547	
-1	0.714	-0.167	0.5	0.478	0.778	0.75	0	0.2	0.6	-1	-0.2	1	0.429	-0.21	0.294	-1	0.283	-1	-1	-1	-1	0.808	-1	-1	-0.731	-0.664	-0.566	0.195	0.063	
-0.75	-0.429	-0.667	-0.214	-0.739	-0.333	0	1	0	0.2	0.6	-1	-0.429	0.714	-0.181	-1	0.283	-0.64	-1	-1	-1	-0.539	0.636	-1	-0.29	-1	-0.431	-0.265	0.034	0.17	
-1	-0.214	0.083	-1	0.478	-0.333	-0.25	0	0.8	-0.6	-0.6	-0.8	-0.714	1	0.679	-0.572	-1	0.81	-1	-1	-1	-0.341	0.834	-1	-1	-0.617	-0.521	-0.382	-0.022	0.048	
0.083	0	0.75	0	-0.304	-0.333	-1	-0.25	0.2	-0.2	-1	-0.6	-0.143	-0.714	-0.306	-1	-1	-0.339	-1	-1	-1	0.056	-1	0.738	-1	-1	0.21	-1	0.091	0.281	
-0.5	-0.714	0.333	-0.714	0.913	-1	0.25	0.75	0.2	0.6	-0.6	0.4	-0.429	0.714	-0.159	-1	-1	0.363	-1	-1	-1	-1	0.511	-1	-1	-1	-1	-0.331	0.375	0.226	
-0.5	-0.714	0.083	0.714	0.043	-1	-1	-1	-0.8	0.2	-1	0.2	0.143	0.143	-1	-1	0.591	-1	-1	-0.506	-0.438	-1	0.249	0.314	0.228	-0.506	-1	-1	-0.323	0.089	
-0.75	-0.429	-0.583	0.286	-0.304	-0.333	-1	-1	1	0.6	1	-0.8	1	-0.143	0.114	0.114	-0.449	0.683	-1	-1	-1	-1	-1	0.021	-1	-1	0.59	-1	-0.18	0.239	
-1	-0.214	0.583	0.214	-0.304	-1	-0.25	0	0.8	-0.6	0.2	-0.8	-0.143	1	-0.196	-0.963	-1	0.715	-1	-1	-1	-0.218	0.844	-1	-1	-1	-1	0.037	-0.142	0.17	
0.583	-0.643	0.75	1	-1	-0.778	1	-1	0.8	1	0.2	0	1	0.429	-0.797	0.06	-0.247	-0.128	-1	-1	-1	-1	0.912	0.765	0.462	-0.52	-0.4	-0.226	-0.421	-0.052	
-0.75	0.5	-0.333	-0.286	-0.13	-0.111	1	1	-0.8	0.2	-1	-0.6	-0.143	1	0.075	0.261	-0.81	-1	-1	-1	-1	-1	0.691	-0.849	-0.128	-0.741	-0.676	-0.582	0.251	-0.023	
0.333	1	0.583	-0.214	-0.478	-0.111	-1	-0.25	0.4	0.2	1	0.4	0.429	-0.714	0.351	-0.953	-0.84	-1	-1	-1	-1	-1	0.646	-1	0.019	-1	-0.641	-0.536	0.182	0.465	
-0.167	-0.357	0.583	-0.214	0.739	0.556	-1	-1	0.4	0.2	0.6	-1	0.714	-0.429	-1	0.562	-1	-1	-1	-1	-1	-0.457	-1	0.928	-1	-1	-1	-0.437	0.269	0.342	
0.333	0.214	0.333	0	-1	1	0.5	1	-0.8	0.2	0.2	-0.8	-0.143	1	-0.417	0.249	-1	-1	-1	-0.15	-1	-1	0.898	0.887	-0.885	-1	-1	-1	0.116	0.096	
-0.417	0.143	0.583	0.857	0.217	-0.778	-0.25	0	-0.4	1	-1	-0.6	0.714	-0.429	-0.378	-0.984	-0.595	0.361	-1	-1	-1	-1	0.511	-1	-0.388	-1	0.457	-1	0.114	0.19	
0.083	-0.643	0.583	0.643	-0.304	0.333	-0.5	-1	0.4	-0.6	0.2	-0.4	0.143	0.143	-1	-1	-1	-0.275	-1	-1	-1	-0.47	0.76	-0.699	0.017	-1	0.393	-1	0.102	0.192	
0.583	0.429	-0.167	-0.357	-1	1	-0.5	0.5	0.6	-1	0.2	0	-0.429	0.714	0.144	-1	-1	-1	-1	-1	-1	-1	-0.503	0.406	-1	-1	-0.817	-0.764	0.443	0.249	
-0.167	0.5	0.083	0.214	-1	-0.778	-1	1	-0.8	-0.6	-0.6	-0.4	1	0.429	0.589	-1	-1	-1	-1	-1	-1	-1	0.775	-0.93	0.398	-1	-0.584	-0.464	-0.029	0.149	
-0.75	-0.857	0.333	-0.714	0.043	0.333	0.75	0	0.6	-0.2	-1	-0.2	0.714	-0.429	-1	-1	-1	-1	-1	-1	-1	-0.351	0.386	-1	-1	-0.845	-1	-0.75	0.502	0.418	
0.583	-0.214	-0.75	-0.429	-1	1	0	0.5	-0.6	0.6	-0.6	-0.8	-0.429	0.714	-0.957	-0.572	-1	-1	-1	-1	-1	-1	-0.363	0.99	0.292	-0.76	-0.7	-0.613	0.155	0.197	
0.75	0.5	0.083	0	-0.304	0.778	0.5	-1	0.2	-0.2	0.6	-0.2	0.714	-0.429	-0.98	0.32	-1	-1	-1	-1	-1	-1	0.891	0.605	0.077	-1	0.355	-1	-0.161	0.092	
-0.167	-0.357	0.333	0	-0.739	-0.333	0	0.5	0.2	-1	0.2	-0.4	0.714	0.714	0.345	0.034	-1	0.472	-1	-1	-1	0.15	0.351	-1	-1	-1	-0.383	-0.204	-0.157	-0.06	
-1	-0.714	0.083	-0.643	-0.739	-0.333	0.25	-0.75	1	-0.2	-1	0.2	-0.714	1	-1	-0.672	-1	0.009	-1	-1	-1	-1	-1	0.136	-1	-0.849	-0.811	-0.756	0.437	0.397	
0.583	0.214	-0.167	0.5	0.478	0.778	-0.5	1	1	-0.2	0.2	0.4	0.429	-0.143	0.335	0.232	-1	0.284	-1	-1	-1	-1	0.398	0.478	-0.793	-1	-1	0.065	-0.134	0.142	
-0.167	0.5	-0.333	-0.286	-0.13	-0.111	-1	-0.25	-0.8	-0.6	1	0.4	0.429	-0.714	0.363	-0.953	-1	-1	-1	-1	-1	-1	0.779	-0.906	0.269	-1	-0.613	-0.5	0.059	0.134	
0.083	0.214	0.083	-0.643	-0.13	0.556	-0.5	-0.25	-0.8	1	-1	-0.6	0.714	-0.429	-0.376	-0.261	0.468	-0.632	-1	-1	-1	-0.623	0.073	-1	-0.075	-1	-1	0.194	-0.135	0.25	
0.75	-0.857	0.833	0.786	0.043	0.333	-0.5	-1	1	0.6	-0.6	-0.4	0.143	0.143	-0.49	-1	0.003	0.058	-1	0.426	-1	-0.196	-0.5	0.734	-1	-1	-1	-1	0.075	0.287	
0.583	-0.643	-0.5	0.714	-0.304	-0.333	0.5	1	-0.4	0.2	-0.6	-0.8	-0.429	0.143	-0.675	0.437	-1	-1	-1	-1	-1	-0.058	-0.286	0.48	-1	-1	-0.621	-0.511	0.128	0.252	
-1	0.714	0.333	-0.429	-1	1	0.5	0.5	-0.2	-0.2	0.6	-0.2	-0.143	0.429	-1	0.284	-1	-1	-1	-1	-1	-1	0.654	0.978	-1	-1	-1	-0.429	0.084	0.172	
0.583	0.643	0.333	0.214	0.478	0.778	0.75	0	-0.4	0.2	-0.2	-1	1	-0.714	0.609	-0.056	-1	-1	-1	-1	-1	-1	0.398	-1	-0.142	-1	-0.634	-0.528	0.021	0.185	
0.75	0	0.583	-0.214	0.217	-0.778	-0.25	-0.75	-0.6	0.6	-0.6	-0.4	0.714	-0.429	-1	0.589	-0.81	-1	-1	-1	-1	-0.603	0.206	-1	-0.12	-0.483	-0.354	-1	0.101	0.447	
0.083	-0.643	0.083	0.214	-0.043	0.111	-1	-0.25	-0.6	-1	0.6	-0.6	0.429	0.429	0.959	-1	-1	-1	-1	-1	-1	-0.41	-1	-0.836	0.06	-1	-0.625	-0.516	0.092	0.574	
0.583	0.857	0.083	-1	0.043	0.778	-1	-1	0.6	-1	-1	-1	-1	0.143	0.795	-1	-1	-0.629	-1	-1	-1	-1	-0.523	0.781	-1	-0.744	-1	-0.587	0.35	0.18	
0.583	0.857	0.333	0	-0.304	0.778	0	-1	0	-0.6	0.2	-0.8	0.714	0.714	-1	-0.505	-1	-0.015	-1	-1	-1	-1	-1	0.709	-1	-0.627	-0.533	-1	0.438	0.193	
0.583	-0.643	0.583	0.643	-0.304	0.333	-0.5	-1	-0.8	0.2	0.6	-1	-0.714	0.429	-1	-1	-1	-0.779	-1	-1	-1	-1	0.503	-0.971	-0.697	-1	-0.829	-0.78	0.436	0.205	
-0.75	-0.429	-1	-0.214	0.739	0.556	0.5	1	1	-0.2	0.6	-1	0.143	0.714	-0.386	0.39	-1	-1	-1	-1	-1	-1	-0.357	0.464	-0.658	-0.106	-1	-1	0.739	0.34	
-0.75	-0.429	-0.167	0.5	-1	1	-0.5	1	1	-0.2	-1	-0.6	-0.143	0.429	-1	0.14	-1	-1	-1	-1	-1	-1	0.894	0.953	-0.417	-1	0.16	-1	-0.067	0.118	
0.583	0.857	-0.167	0.5	0.043	0.778	-0.5	-1	0.8	-0.6	0.6	-1	-0.714	-0.714	0.31	-1	-1	-0.439	-1	-1	-1	-1	-0.523	0.836	-1	-0.81	-0.762	-0.693	0.109	0.209	
-0.167	-0.357	-0.75	-0.429	-0.304	0.778	1	0.5	-0.8	0.2	-0.6	0.4	-0.714	0.429	-0.402	1	-0.918	-1	-1	-1	-1	-1	0.687	0.38	-0.885	-1	-1	-0.285	0.311	0.062	
0.333	0.214	0.833	0.286	-0.478	-0.111	0.25	0.75	-0.8	-0.6	-1	-0.2	0.714	0.714	0.935	-1	-1	-1	-1	-1	-1	-1	0.777	-1	0.335	-1	-1	-0.181	-0.007	0.151	
0.083	0.429	-1	-0.714	1	0.333	-0.75	0	0.4	-0.6	-0.6	0.4	0.143	0.714	-1	-0.14	-1	-1	-0.645	-1	-1	-1	0.509	-1	-1	-1	-1	-1	0.602	0.282	
-0.167	0.5	-0.333	-0.286	-0.304	-0.333	1	0.5	0.4	0.2	0.2	-0.4	0.714	0.714	-0.437	0.159	-1	0.3	-1	-1	-1	-0.347	-0.603	-1	-1	-1	-0.58	-0.458	0.261	0.312	
0.583	-0.643	-0.583	0.286	-0.739	-0.333	-1	0.5	1	-0.2	-1	0.2	1	-0.714	-1	-1	-1	-1	-1	-1	-1	-1	-0.126	-0.464	-0.783	-1	-1	-0.773	0.65	0.407	
-0.75	-0.857	-0.333	-0.286	-0.739	0.778	-0.5	0.5	-0.6	-0.2	1	-0.4	0.143	0.714	0.224	0.703	-1	-1	-1	-1	-1	0.042	-1	0.412	-1	-1	-1	-0.194	0.355	0.217	
-0.5	-0.714	-0.333	-0.286	-0.304	-0.333	-1	1	-0.8	1	-0.2	0.2	0.714	0.714	-1	0.453	-1	-1	-1	-1	-1	0.308	-1	0.898	-1	-0.749	-0.686	-0.595	0.18	0.379	
-0.75	-0.429	-0.167	-0.357	0.043	-1	0.25	0	-0.6	-0.2	-1	-0.2	-0.143	-0.714	-0.466	-1	-0.457	-1	-1	-1	-1	-0.967	-0.525	0.357	0.441	0.334	-1	-1	0.363	0.294	
0.083	0.714	0.833	0.286	-0.739	0.778	0.25	0	0.4	0.2	0.2	-0.8	0.714	0.714	-1	-0.57	-1	-0.374	-1	-1	-1	0.132	-1	0.568	-0.955	-0.665	-1	-0.46	0.06	0.242	
0.083	0	0.583	0.643	-1	-0.778	-0.5	0.5	-0.6	0.6	-1	-0.2	1	-0.714	-1	-1	-1	-1	-1	-1	-1	-1	0.519	-1	-1	-1	-1	-0.824	0.701	0.21	
-0.333	-0.286	0.75	0	-0.739	-1	1	-0.25	-0.4	-0.6	0.2	-0.8	-0.714	1	-0.449	-1	-0.807	-1	-1	-1	-1	-1	-0.165	-1	-1	-1	-1	-0.783	0.69	0.329	
0.583	0.214	0.333	-0.714	-0.739	-1	0.75	0	1	0.6	-0.2	-0.2	0.714	-0.429	-0.638	0.347	-0.517	-1	-0.911	-0.786	-0.756	-1	-0.345	-1	-1	-1	-1	-1	0.39	0.411	
0.333	0	-1	-0.214	1	0.333	0.5	-0.25	1	-1	-0.2	-0.2	-0.429	0.714	0.22	-1	0.193	-1	-1	-1	-1	-0.218	-0.822	0.457	-1	-1	-1	-0.095	0.149	0.289	
-0.75	0	-0.75	-0.857	-0.13	-0.778	0	-1	0.2	-0.2	1	-0.8	-0.429	-1	0.216	-1	-0.085	-1	-1	-1	-1	-1	-0.349	-0.161	0.069	0.38	-1	-1	0.412	0.384	
-0.167	0.5	0.083	-0.643	-0.304	-0.333	0.75	0.75	0.6	0.6	0.2	0	-0.429	0.143	-1	-1	-0.722	-1	-1	-1	-1	-1	-1	-0.069	-1	-0.916	-1	-0.865	0.775	0.399	
