    1     2376.090381        2.204296    81031.952952        2.470368        8.478205        4.115989        9.814068       12.749082   5.0
    2     2376.163054        2.071806    79707.128962        2.980340        7.427271        4.722519        8.920492       12.821755   5.0
    3     2376.301077        1.905466    78043.863772        3.112463        6.785355        4.852352        8.251356       12.959778   5.0
    4     2376.241171        1.798334    76972.485180        2.094427        7.835335        3.478637        9.164030       12.899872   5.0
    5     2376.054490        3.806843    97057.385321        6.652838        7.388709        8.047883        8.762109       12.713191   5.0
    6     2376.403986        1.994222    78931.522459        3.234885        6.870641        5.166394        8.277437       13.062687   5.0
    7     2376.415118        1.787344    76862.762765        2.811343        6.856106        4.689024        8.264530       13.073819   5.0
    8     2376.492117        1.336861    72358.007437        1.594083        6.543211        2.646633        8.003743       13.150818   5.0
    9     2376.033176        0.000000    58988.935968        0.934527        2.732501        1.588067        3.649166       12.691877   5.0
   10     2376.078512        0.099931    59988.288117        1.122568        3.079806        1.900814        4.035053       12.737213   5.0
   11     2376.134361        0.061064    59599.680778        1.840087        2.970980        3.195728        3.928687       12.793062   5.0
   12     2376.080334        0.000000    58988.983125        0.906770        2.763748        1.508328        3.680679       12.739035   5.0
   13     2376.232566        0.000000    58989.135358        0.897138        2.603803        1.528823        3.533901       12.891267   5.0
   14     2038.462233        0.000000    58651.365024        0.888732        1.816786        1.482210        2.626820       12.338790   4.0
   15     2376.777774        0.609976    65089.445270        2.051562        4.507934        3.520855        5.975519       13.436475   5.0
   16     2376.407549        0.000000    58989.310341        0.976075        2.588811        1.652251        3.508034       13.066250   5.0
   17     2376.072188        0.000000    58988.974980        0.994824        2.186208        1.673967        3.067390       12.730889   5.0
   18     2376.204171        0.000000    58989.106963        1.373524        2.634960        2.430626        3.538452       12.862872   5.0
   19     2376.271346        0.000000    58989.174138        1.872510        2.634763        3.272221        3.550853       12.930047   5.0
   20     2038.546566        0.000000    58651.449358        1.000448        1.853985        1.685889        2.679761       12.423123   4.0
   21     2376.432810        0.052772    59517.058102        1.142097        2.947762        1.915295        3.873240       13.091511   5.0
   22     2376.357785        0.000000    58989.260577        1.131529        2.791371        1.888175        3.746434       13.016486   5.0
   23     2376.433821        0.203469    61024.023565        2.527284        2.766675        4.337337        3.705021       13.092522   5.0
   24     2376.355404        0.124866    60237.915378        2.362218        2.696998        4.055469        3.628054       13.014105   5.0
   25     2376.486341        0.000000    58989.389133        1.207507        2.645699        2.055789        3.534074       13.145042   5.0
   26     2038.743401        0.000000    58651.646192        0.960952        1.991509        1.617801        2.837413       12.619958   4.0
   27     2038.479934        0.000000    58651.382726        1.044541        1.979874        1.776180        2.851777       12.356491   4.0
   28     2376.392569        0.000000    58989.295360        1.959192        2.554340        3.525558        3.436923       13.051270   5.0
   29     2038.408908        0.000000    58651.311700        0.994345        1.903159        1.671844        2.725170       12.285465   4.0
   30     2376.572104        0.000000    58989.474895        1.359754        2.348161        2.316007        3.222550       13.230804   5.0
   31     2376.283565        0.000000    58989.186356        1.161797        2.090307        1.958716        2.955708       12.942266   5.0
   32     2376.337902        0.000000    58989.240694        1.469146        2.366932        2.603764        3.250768       12.996603   5.0
   33     2376.191858        0.000000    58989.094650        1.561915        1.709700        2.725981        2.514593       12.850559   5.0
   34     2038.759331        0.000000    58651.662123        1.102302        2.064284        1.906266        2.928894       12.635888   4.0
   35     2376.360106        0.000000    58989.262898        1.709322        2.025082        3.062228        2.864498       13.018807   5.0
   36     2038.756163        0.000000    58651.658954        1.167657        1.793677        1.984077        2.617927       12.632720   4.0
   37     2376.456733        0.000000    58989.359525        1.402766        2.387133        2.503100        3.262664       13.115434   5.0
   38     2038.593813        0.000000    58651.496605        0.938033        1.889902        1.553783        2.721134       12.470370   4.0
   39     2038.612130        0.000000    58651.514922        1.054545        1.568046        1.796242        2.356116       12.488688   4.0
   40     2038.652343        0.000000    58651.555135        0.930106        1.605591        1.517273        2.370634       12.528900   4.0
   41     2376.471884        0.000000    58989.374676        1.286686        2.103123        2.191931        2.957757       13.130585   5.0
   42     2038.714711        0.000000    58651.617503        1.239536        1.848383        2.085471        2.670986       12.591269   4.0
   43     2376.470347        0.000000    58989.373139        1.692000        1.985763        2.961739        2.802173       13.129048   5.0
   44     2038.433286        0.000000    58651.336077        0.919439        1.376273        1.566567        2.114545       12.309843   4.0
   45     2376.461649        0.242130    61410.661872        2.608472        2.316684        4.544227        3.187842       13.120350   5.0
   46     2038.639112        0.000000    58651.541904        1.032118        2.034498        1.727356        2.883049       12.515670   4.0
   47     2038.813534        0.000000    58651.716326        1.150094        1.888703        1.954888        2.732285       12.690091   4.0
   48     2038.475548        0.000000    58651.378340        1.216922        1.672209        2.054773        2.465073       12.352105   4.0
   49     2376.583225        0.000000    58989.486017        1.172626        2.228457        1.966729        3.096938       13.241926   5.0
   50     2376.602384        0.000000    58989.505175        1.039750        2.215681        1.760600        3.067111       13.261085   5.0
   51     2038.711667        0.000000    58651.614459        1.150338        2.086457        1.927187        2.935440       12.588224   4.0
   52     2038.408278        0.000000    58651.311070        1.278632        1.238647        2.169978        1.877280       12.284836   4.0
   53     2038.474240        0.000000    58651.377032        0.923659        1.416695        1.512614        2.089396       12.350798   4.0
   54     2038.449114        0.000000    58651.351906        1.269667        1.524869        2.175660        2.341316       12.325671   4.0
   55     2038.653071        0.000000    58651.555863        0.937650        1.460980        1.535258        2.232419       12.529629   4.0
   56     2038.625917        0.000000    58651.528709        1.004673        1.439127        1.694893        2.134024       12.502475   4.0
   57     2376.654160        0.000000    58989.556951        1.444580        1.805372        2.447974        2.657907       13.312860   5.0
   58     2376.787041        0.000000    58989.689832        1.399434        2.106214        2.402804        3.029539       13.445742   5.0
   59     2038.728462        0.000000    58651.631254        0.994763        1.463953        1.688831        2.200111       12.605020   4.0
   60     2376.540499        0.000000    58989.443291        1.341748        1.669044        2.320603        2.495677       13.199200   5.0
   61     2038.810128        0.000000    58651.712920        1.070193        1.471443        1.813632        2.241483       12.686686   4.0
   62     2038.694115        0.000000    58651.596906        1.053447        1.502478        1.777624        2.272519       12.570672   4.0
   63     2376.733370        0.000000    58989.636162        1.609262        2.131221        2.862448        2.988120       13.392071   5.0
   64     2376.518281        0.000000    58989.421073        1.312215        1.625351        2.275035        2.459223       13.176982   5.0
   65     2376.744516        0.000000    58989.647308        1.057286        2.239425        1.789672        3.083775       13.403217   5.0
   66     2376.798906        0.000000    58989.701698        1.409544        2.090661        2.382669        3.016681       13.457607   5.0
   67     2038.759459        0.000000    58651.662250        1.020932        1.416829        1.736510        2.161477       12.636016   4.0
   68     2376.585616        0.000000    58989.488408        0.872385        2.120114        1.342000        3.055385       13.244317   5.0
   69     2038.658744        0.000000    58651.561536        1.152323        1.311398        1.944891        2.039690       12.535301   4.0
   70     2376.857104        0.000000    58989.759896        1.420212        2.139898        2.407333        3.071031       13.515805   5.0
   71     2038.830335        0.000000    58651.733126        0.926229        1.538459        1.547030        2.338009       12.706892   4.0
   72     2038.585714        0.000000    58651.488506        0.948933        1.481382        1.564767        2.185482       12.462272   4.0
   73     2038.939414        0.000000    58651.842206        1.219560        1.855505        2.074007        2.736947       12.815971   4.0
   74     2376.602876        0.000000    58989.505667        1.393939        1.648782        2.357142        2.469948       13.261577   5.0
   75     2038.748173        0.000000    58651.650965        1.261030        1.609141        2.138717        2.440137       12.624730   4.0
   76     2038.627681        0.000000    58651.530473        1.089264        1.510292        1.834503        2.282287       12.504238   4.0
   77     2376.266611        0.000000    58989.169403        1.373305        1.243618        2.276270        1.904819       12.925312   5.0
   78     2376.524312        0.000000    58989.427104        1.923059        1.559895        3.333540        2.359617       13.183013   5.0
   79     2038.547024        0.000000    58651.449816        1.269044        1.171059        2.174799        1.885972       12.423581   4.0
   80     2038.675333        0.000000    58651.578125        1.016771        1.363734        1.698471        2.033725       12.551890   4.0
   81     2038.826797        0.000000    58651.729589        1.133891        1.840859        1.933722        2.675455       12.703355   4.0
   82     2038.632105        0.000000    58651.534897        1.086347        1.367186        1.842024        2.121224       12.508662   4.0
   83     2038.766599        0.000000    58651.669390        1.196739        1.727252        2.063350        2.566789       12.643156   4.0
   84     2038.779038        0.000000    58651.681830        1.091576        1.551012        1.871211        2.365170       12.655596   4.0
   85     2038.700710        0.000000    58651.603502        0.962890        1.446291        1.605868        2.207244       12.577268   4.0
   86     2038.826030        0.000000    58651.728822        1.104690        1.751955        1.873035        2.615913       12.702587   4.0
   87     2038.693069        0.000000    58651.595861        1.224977        1.569588        2.063278        2.369151       12.569627   4.0
   88     2376.561098        0.000000    58989.463890        1.308418        1.441999        2.221549        2.215144       13.219799   5.0
   89     2038.681130        0.000000    58651.583922        1.061252        1.501758        1.802428        2.263037       12.557688   4.0
   90     2376.786824        0.000000    58989.689616        1.325540        1.861970        2.246155        2.700468       13.445525   5.0
   91     2038.976658        0.000000    58651.879450        1.066879        1.914592        1.816434        2.780490       12.853215   4.0
   92     2038.931151        0.000000    58651.833943        1.243689        1.717888        2.114706        2.528366       12.807709   4.0
   93     2376.456998        0.000000    58989.359790        1.449921        1.355079        2.402149        2.109220       13.115699   5.0
   94     2038.929415        0.000000    58651.832207        0.984186        1.968492        1.651794        2.862929       12.805972   4.0
   95     2038.755595        0.000000    58651.658387        1.248413        1.630512        2.115383        2.458272       12.632153   4.0
   96     2038.397859        0.000000    58651.300650        1.171367        1.084230        1.995643        1.722096       12.274416   4.0
   97     2038.729561        0.000000    58651.632353        1.246946        1.529442        2.113163        2.339124       12.606118   4.0
   98     2376.648255        0.000000    58989.551047        0.904212        2.599291        1.526181        3.787544       13.306956   5.0
   99     2038.672215        0.000000    58651.575007        1.141548        1.571024        1.926860        2.379015       12.548773   4.0
  100     2038.822145        0.000000    58651.724936        0.911849        1.940958        1.413476        2.834967       12.698702   4.0
