    1     2423.249894        2.472615    79697.786603        1.424743        9.723322        2.240545       11.472607       11.961596   5.0
    2     2423.284768        1.938098    74352.650979        1.395493        8.226674        2.441929       10.345152       11.996470   5.0
    3     2423.560917        1.601251    70984.457651        1.436753        7.283503        2.549802        9.220742       12.272619   5.0
    4     2423.489281        2.214767    77119.550514        1.597687        9.001348        2.475730       10.610328       12.200983   5.0
    5     2423.509077        1.883061    73802.506413        2.517095        7.516444        4.216832        9.209708       12.220779   5.0
    6     2423.626656        1.773509    72707.105968        1.381917        7.765826        2.435063        9.499660       12.338358   5.0
    7     2423.620741        2.010679    75078.797480        1.438996        8.429901        2.254403       10.243416       12.332443   5.0
    8     2423.731688        1.878531    73757.432921        1.560200        8.059888        2.397715        9.907274       12.443391   5.0
    9     2423.807821        1.799293    72965.128483        1.563552        7.838021        2.444260        9.670387       12.519524   5.0
   10     2423.809786        1.505277    70024.965643        1.564323        7.014775        2.417362        8.724026       12.521488   5.0
   11     2423.767819        1.447211    69444.259995        2.023154        6.852190        3.483634        8.613788       12.479522   5.0
   12     2423.252018        0.000000    54971.638691        0.802113        2.731859        1.299416        3.740206       11.963720   5.0
   13     2423.471984        0.000000    54971.858657        0.921773        1.922927        1.531664        3.001044       12.183686   5.0
   14     2423.589267        1.263375    67605.729806        2.289973        6.084153        3.638108        7.510678       12.300969   5.0
   15     2423.939635        1.029299    65265.315324        1.562039        5.682037        2.428621        7.804182       12.651338   5.0
   16     2423.607085        0.000000    54971.993758        0.947291        2.001762        1.569899        3.124959       12.318788   5.0
   17     2423.163351        0.000000    54971.550024        0.780367        2.228556        1.332026        3.238549       11.875053   5.0
   18     2423.343016        0.000000    54971.729689        0.903137        2.507829        1.452381        3.541739       12.054718   5.0
   19     2423.386834        0.000000    54971.773507        1.000142        2.386913        1.763517        3.442374       12.098536   5.0
   20     2423.716354        0.000000    54972.103027        1.256867        2.495858        2.008621        3.389079       12.428057   5.0
   21     2423.720379        0.000000    54972.107052        1.118901        2.576717        1.830765        3.635070       12.432081   5.0
   22     2423.656308        0.000000    54972.042981        1.026035        2.269992        1.677338        3.332374       12.368011   5.0
   23     2423.557970        0.000000    54971.944643        1.248723        2.236991        2.283950        3.332952       12.269672   5.0
   24     2423.517581        0.000000    54971.904254        1.179629        2.161757        2.093972        3.173783       12.229283   5.0
   25     2423.842817        0.000000    54972.229490        1.092885        2.054102        1.791668        3.154087       12.554520   5.0
   26     2423.505240        0.000000    54971.891913        0.860498        1.923335        1.428381        2.948749       12.216943   5.0
   27     2086.107135        0.000000    54634.493808        1.164745        1.700241        1.885838        2.640749       11.665142   4.0
   28     2423.568484        0.000000    54971.955157        1.197843        2.055378        2.011356        3.157832       12.280187   5.0
   29     2086.103706        0.000000    54634.490379        0.990493        1.334767        1.542992        2.272270       11.661714   4.0
   30     2086.410423        0.000000    54634.797096        1.185167        1.771166        1.929366        2.734327       11.968431   4.0
   31     2086.115018        0.000000    54634.501691        0.974780        1.616844        1.591979        2.547331       11.673025   4.0
   32     2423.441574        0.000000    54971.828247        0.975837        1.923650        1.557553        2.980018       12.153276   5.0
   33     2085.858047        0.000000    54634.244719        0.948255        1.126885        1.573795        1.940842       11.416054   4.0
   34     2423.612581        0.000000    54971.999254        1.026880        2.115930        1.373210        3.146219       12.324284   5.0
   35     2086.100204        0.000000    54634.486876        0.899304        1.481845        1.498767        2.443792       11.658211   4.0
   36     2086.089075        0.000000    54634.475748        0.920061        1.745521        1.534027        2.619646       11.647082   4.0
   37     2423.604866        0.000000    54971.991539        0.903470        1.993956        1.508482        3.049814       12.316568   5.0
   38     2086.151349        0.000000    54634.538022        0.905402        1.570688        1.497830        2.549644       11.709356   4.0
   39     2086.022295        0.000000    54634.408968        1.099994        1.442006        1.800529        2.188924       11.580302   4.0
   40     2086.073204        0.000000    54634.459877        0.828311        1.308127        1.410703        2.197897       11.631211   4.0
   41     2086.375818        0.000000    54634.762491        1.017223        1.550980        1.648474        2.542358       11.933825   4.0
   42     2086.233862        0.000000    54634.620535        0.963106        1.618043        1.612620        2.402706       11.791869   4.0
   43     2086.146518        0.000000    54634.533191        0.979001        1.781007        1.734888        2.780802       11.704525   4.0
   44     2085.916902        0.000000    54634.303574        1.029768        1.036476        1.671461        1.725042       11.474909   4.0
   45     2423.550511        0.000000    54971.937184        1.252686        2.008374        2.317648        3.069998       12.262214   5.0
   46     2086.268364        0.000000    54634.655037        0.948711        1.717167        1.573208        2.723178       11.826371   4.0
   47     2086.338565        0.000000    54634.725238        1.121142        1.673117        1.829236        2.522856       11.896572   4.0
   48     2085.992421        0.000000    54634.379094        0.870921        1.393986        1.280774        2.262245       11.550428   4.0
   49     2086.406353        0.000000    54634.793026        1.066997        1.875092        1.756845        2.918794       11.964360   4.0
   50     2086.480774        0.000000    54634.867447        0.995400        1.918979        1.636168        2.897356       12.038781   4.0
   51     2086.411096        0.000000    54634.797769        1.036890        1.726267        1.702847        2.728730       11.969103   4.0
   52     2085.653813        0.000000    54634.040486        0.967055        0.813275        1.580801        1.441363       11.211821   4.0
   53     2085.956812        0.000000    54634.343485        0.927498        1.339645        1.331512        2.084710       11.514819   4.0
   54     2086.004183        0.000000    54634.390856        1.062891        1.070097        1.713856        1.799699       11.562190   4.0
   55     2085.919966        0.000000    54634.306639        0.815603        1.629678        1.387736        2.398805       11.477973   4.0
   56     2086.078211        0.000000    54634.464884        1.129599        1.052950        1.836886        1.862751       11.636218   4.0
   57     2086.470382        0.000000    54634.857055        1.325321        1.831032        2.147214        2.794572       12.028389   4.0
   58     2086.409796        0.000000    54634.796469        0.931373        1.840338        1.552446        2.844377       11.967803   4.0
   59     2086.209466        0.000000    54634.596139        1.053019        1.291468        1.734911        2.027144       11.767473   4.0
   60     2086.196021        0.000000    54634.582694        1.067223        1.768014        1.750009        2.581869       11.754028   4.0
   61     2086.217113        0.000000    54634.603785        1.152100        1.617607        1.881477        2.405081       11.775120   4.0
   62     2086.201859        0.000000    54634.588531        0.976824        1.497799        1.625975        2.267108       11.759866   4.0
   63     2423.885917        0.000000    54972.272590        0.949246        2.036002        1.561712        2.950128       12.597619   5.0
   64     2086.087049        0.000000    54634.473721        0.964489        1.534717        1.599055        2.364088       11.645056   4.0
   65     2423.954654        0.000000    54972.341327        0.970134        2.126847        1.609910        2.960423       12.666356   5.0
   66     2086.548059        0.000000    54634.934732        1.197079        1.831623        1.958684        2.821522       12.106067   4.0
   67     2086.281792        0.000000    54634.668465        1.062358        1.422531        1.743947        2.181754       11.839799   4.0
   68     2423.993433        0.000000    54972.380106        1.277619        2.530594        2.024305        3.497851       12.705135   5.0
   69     2086.223528        0.000000    54634.610201        1.120821        0.953220        1.833385        1.656862       11.781535   4.0
   70     2086.613850        0.000000    54635.000523        1.282397        1.881112        2.090898        2.877863       12.171857   4.0
   71     2086.124011        0.000000    54634.510684        0.913318        1.731803        1.531349        2.531054       11.682018   4.0
   72     2085.918889        0.000000    54634.305562        0.996286        1.545863        1.637104        2.313437       11.476896   4.0
   73     2086.372741        0.000000    54634.759414        1.079913        1.547542        1.762346        2.434656       11.930748   4.0
   74     2086.492556        0.000000    54634.879229        1.344015        1.769892        2.152823        2.675453       12.050563   4.0
   75     2086.278796        0.000000    54634.665469        1.265791        1.679239        2.035878        2.542095       11.836803   4.0
   76     2086.352881        0.000000    54634.739554        1.051504        1.300033        1.693439        2.037495       11.910889   4.0
   77     2085.872848        0.000000    54634.259520        0.930654        1.094247        1.370503        1.788962       11.430855   4.0
   78     2086.061327        0.000000    54634.448000        1.023264        1.729795        1.829564        2.537007       11.619334   4.0
   79     2086.118784        0.000000    54634.505457        1.334051        0.873146        2.130677        1.521726       11.676791   4.0
   80     2085.880769        0.000000    54634.267442        1.007099        1.234211        1.661003        1.943054       11.438776   4.0
   81     2086.395675        0.000000    54634.782348        0.901426        1.963891        1.460612        2.782559       11.953682   4.0
   82     2086.173772        0.000000    54634.560445        0.959897        1.411598        1.486252        2.173937       11.731779   4.0
   83     2085.990417        0.000000    54634.377089        0.838970        1.265313        1.381916        2.099787       11.548424   4.0
   84     2086.241388        0.000000    54634.628061        1.065736        1.430097        1.731671        2.228666       11.799396   4.0
   85     2086.341725        0.000000    54634.728398        0.988935        1.497647        1.614645        2.263501       11.899733   4.0
   86     2086.421991        0.000000    54634.808664        1.025551        1.788859        1.686071        2.707217       11.979999   4.0
   87     2086.383388        0.000000    54634.770060        1.346096        1.536415        2.145266        2.313903       11.941395   4.0
   88     2086.475983        0.000000    54634.862656        1.366913        1.293554        2.182164        2.036680       12.033990   4.0
   89     2085.885436        0.000000    54634.272109        1.038881        1.262716        1.703197        1.965472       11.443443   4.0
   90     2086.648423        0.000000    54635.035096        1.333945        1.955360        2.152171        2.814428       12.206430   4.0
   91     2424.012876        0.000000    54972.399548        1.128121        2.037354        1.835857        2.974952       12.724578   5.0
   92     2086.610690        0.000000    54634.997363        1.199345        1.852981        1.936563        2.704157       12.168697   4.0
   93     2086.096539        0.000000    54634.483211        0.961418        1.369564        1.584856        2.119626       11.654546   4.0
   94     2086.205618        0.000000    54634.592291        0.864422        1.663674        1.436074        2.631200       11.763625   4.0
   95     2086.416982        0.000000    54634.803655        1.270416        1.773664        2.037898        2.643037       11.974989   4.0
   96     2085.729547        0.000000    54634.116219        1.299933        0.775555        2.067145        1.347873       11.287554   4.0
   97     2086.347221        0.000000    54634.733894        1.267629        1.419482        2.024033        2.224294       11.905229   4.0
   98     2423.993644        0.096320    55935.584596        1.450857        3.069697        2.268247        4.172520       12.705346   5.0
   99     2086.005326        0.000000    54634.391999        1.023066        1.067481        1.598190        1.826532       11.563334   4.0
  100     2086.110023        0.000000    54634.496695        0.902214        1.496661        1.427725        2.400251       11.668030   4.0
