0.488133
0.474608
-0.324551
0.060151
-0.732081
0.753235
0.343077
0.383987
-0.128972
-0.077238
-1.274723
-0.026490
0.074644
0.428997
0.246317
0.326806
0.633707
-0.875951
1.111045
-0.606105
-0.121561
-0.023120
-1.325963
-0.019435
0.220153
0.051853
0.633639
0.218729
0.153567
-0.144551
-0.262828
0.260197
1.932369
-1.025048
-0.865541
0.143415
0.196284
-0.588986
-0.174812
-0.076496
-0.154590
0.797846
0.018278
-0.697835
-1.160936
0.746371
-0.717789
0.214987
-0.224964
-0.281326
0.121177
-0.181510
0.041905
-0.102115
0.301473
-0.034508
-0.140066
0.401312
0.089158
-0.018122
0.465757
0.385243
0.148210
0.041436
-0.104097
-0.242140
0.469180
0.639030
-0.101803
-0.460510
0.105020
-0.051736
-0.044146
0.229472
0.250817
0.011933
0.036918
0.029211
0.079123
-0.057546
-0.097628
0.171567
0.014763
0.003783
-0.177060
-0.187754
0.344493
-0.131236
0.131955
0.013901
0.338120
-0.298810
-0.148944
0.044368
0.413715
0.053379
-0.095943
-0.199866
-0.451006
0.143517
0.083604
-0.171208
-0.168885
-0.385095
0.121237
-0.442027
-0.075879
-0.055185
0.058955
0.251901
0.214367
-0.022441
0.172041
-0.217428
0.308526
-0.339521
-0.004132
0.375530
-0.175602
0.045005
-0.041222
0.104745
-0.024178
0.152164
0.171113
-0.294941
0.051412
-0.350684
0.084034
0.569307
-0.022403
-0.046083
-0.236170
0.045498
-0.092715
0.125668
0.184300
-0.225777
0.018202
-0.276544
-0.189022
0.158017
-0.002711
-0.002532
-0.143102
-0.454169
0.007151
-0.261391
0.410458
-0.317764
0.758597
-0.942359
-0.408956
-0.736710
-0.461468
0.114157
0.116584
0.066478
-0.093773
-0.070427
0.036956
-0.105653
-0.102859
-0.587725
0.054799
-0.356240
0.120403
0.004398
0.103588
-0.180629
-0.246843
0.067111
-0.242596
-0.679163
-0.066296
0.199606
0.495742
0.368032
0.438966
0.045431
0.248094
-0.492460
0.350805
0.859657
-0.470111
-0.066807
-0.678937
0.286521
0.756828
0.445007
0.155082
0.183096
-0.602340
-0.324544
-0.006882
-0.504533
-0.047594
0.429696
0.582942
-0.429504
0.196219
-0.399940
-0.172953
0.131434
-0.137690
0.033180
0.146938
0.256357
-0.428368
0.527011
0.218119
-0.648708
-0.015625
-0.709763
0.184979
0.424391
-0.446708
-0.182556
-0.240945
0.136066
0.421372
-0.722508
-0.347787
-0.617268
-0.356142
-0.115976
0.385611
0.147812
-0.610765
0.468167
-0.143553
-0.613855
0.047228
0.096886
0.024729
-0.372628
0.701164
-0.731908
-0.302201
0.078368
-0.220993
0.452516
0.073486
0.224494
0.364732
0.168277
-0.401311
-0.165867
0.212827
-0.677383
0.319788
0.111823
-0.559707
-0.664920
-0.204184
-0.146724
-0.132933
0.274647
-0.616096
-0.000140
0.622823
-0.736112
0.022848
0.254518
0.199777
-0.272907
0.124032
0.021399
-0.541376
-0.206854
-0.314354
0.365948
0.164506
0.641517
-0.125662
0.055897
0.157093
-0.003023
-0.233934
0.483692
-0.214891
-0.451929
-0.400024
0.007647
0.827466
-0.989386
-0.206687
0.062097
-0.220630
0.099525
-0.061599
-0.258392
-0.221004
0.307097
0.079682
-0.436454
0.130689
-0.469590
-0.047502
0.486360
-0.333553
-0.738571
-0.154414
-0.243853
0.438197
-0.021433
-0.557043
-0.503750
-0.304252
-0.179757
-0.011683
-1.213526
0.032314
0.121329
-0.064838
-0.485381
-0.111036
-0.340391
0.211946
-0.545052
-0.093480
-0.000633
0.346321
0.704192
0.005989
-0.522289
-0.352329
0.237030
-0.041072
-0.308906
-0.162946
0.079953
0.338598
-0.244639
-0.105870
0.340039
-1.589365
1.188894
1.263082
0.904267
0.063134
0.582627
0.252254
-0.059079
-0.760391
-0.743258
-1.272490
1.613207
0.809684
0.175029
-0.684709
0.253928
-0.145092
-1.199859
-0.287585
0.365864
0.396945
0.296317
0.227874
0.295703
0.073817
0.257347
0.135253
0.748240
0.063638
0.283060
0.183652
0.192891
0.162779
0.157011
-0.562746
0.140688
0.750836
-0.128295
