   45709.2479906082     
   140948.049581961     
   74559.1433591018     
   70752.2543449402     
   197530.712290764     
   141562.923890591     
   121037.012029648     
   41877.5691093352     
   329959.141485214     
   116256.958586693     
   68013.6427299877     
   127557.846341205     
   139770.136470600     
   137595.119034856     
   116223.821859360     
   117216.404588621     
   109048.030381803     
   119899.291874128     
   172613.197320938     
   96383.3526525497     
   86576.7266342420     
   59759.5623999937     
   52284.8670516014     
   142978.193349361     
   154115.890979169     
   235189.808438778     
   225168.754327596     
   142696.638123489     
   68715.2103887234     
   136339.151175499     
   123961.201602376     
   43341.1526106313     
   142925.690504102     
   104226.361930847     
   286651.467373848     
   48284.1052322388     
   121817.441080093     
   259679.686198711     
   85986.1454505920     
   164079.362033864     
   240381.206382275     
   70570.9257020950     
   165659.081422838     
   18042.6237678528     
   104298.001118059     
   53403.6611888856     
   128195.706668011     
   106209.332751856     
   28345.9760370255     
   181017.008803702     
   46476.9262337685     
   158638.711371281     
   151341.901525021     
   130332.511006355     
   58586.6092090607     
   218993.791146517     
   125620.928359985     
   126457.479887962     
   47148.0402702694     
   185571.203773499     
   36168.7144151615     
   184388.502547950     
   143594.306795835     
   53662.8692588806     
   54790.6218443315     
   77279.6934277286     
   175944.550422907     
   116509.400034041     
   168836.442733876     
   139077.547946930     
   162370.669658018     
   55242.1819763184     
   46463.8545274735     
   149125.166425189     
   225175.698680651     
   193894.414728358     
   92557.7507199472     
   42792.9686508179     
   69644.7221821540     
   130262.119183700     
   118106.797411283     
   44685.2475509644     
   150862.174306077     
   209228.124030158     
   73280.1314725876     
   109645.613321273     
   61617.1255935381     
   53264.8844312954     
   218400.355600357     
   106632.944555283     
   148986.963118076     
   131766.755812149     
   84335.6228055954     
   134207.045187473     
   159833.751797118     
   208785.867720823     
   173448.934017565     
   166309.045821734     
   109269.451875072     
   57656.0795878667     
   54768.4499510570     
   122100.678354860     
   62484.7871702109     
   75277.9351339340     
   151665.147385597     
   190091.387492180     
   94056.2124426282     
   136337.766137677     
   118896.994891888     
   54984.7735606753     
   130781.056580867     
   66603.6572933197     
   126635.578839853     
   77750.1166858673     
   50849.4755449295     
   38836.1225398740     
   66578.0230607986     
   211986.317016701     
   151962.224134445     
   45250.2698666012     
   126429.727658912     
   98193.8426723480     
   132581.907007217     
   76984.7467209723     
   288807.152245255     
   99232.6446218491     
   73249.1159877777     
   181900.751382457     
   109143.742383957     
   19835.1067533493     
   82828.5208374147     
   26284.4893703242     
   102235.678093910     
   76752.0404023684     
   84139.9759915529     
   65368.7433816458     
   107761.225254584     
   67037.7525444641     
   184361.083581924     
   58166.3182158470     
   171115.094279766     
   101753.479165827     
   106513.928511562     
   198976.548156592     
   32104.0968542985     
   66089.2128177536     
   91783.6022677422     
   244495.241502762     
   120400.972434725     
   104764.965907097     
   93387.8737215164     
   197225.917916847     
   237724.281490326     
   164351.524377823     
   203547.371385672     
   166746.363778068     
   65905.8164081574     
   316774.820422173     
   39461.8013254477     
   116228.155687332     
   58550.2233142853     
   92564.2087354660     
   119999.482865682     
   182764.217776299     
   121044.741199768     
   99385.6941661835     
   106323.805819493     
   58293.2803907394     
   51908.5719463927     
   67041.8197094069     
   33155.7511186600     
   86032.8534036159     
   59443.6309383757     
   41486.9328918457     
   74130.7995175020     
   121430.785557563     
   52539.2257575989     
   126882.590936322     
   57860.3143575113     
   149845.272414869     
   39198.3559474945     
   198250.861539480     
   52478.0733652115     
   106835.772601128     
   56822.3251004219     
   35877.2165190282     
   257137.833776951     
   78100.7898305344     
   54873.0972700119     
   97547.1072249675     
   329984.141485214     
   43153.6379909515     
   214488.463459492     
   197033.914631844     
   31954.0677728653     
   53933.5342771750     
   193078.812613487     
   96207.7649822235     
   44510.0970802307     
   38726.2773647308     
   155721.726457668     
   63747.0102396210     
   147082.787282944     
   89163.4349125003     
   54806.6393051147     
   37268.1130208969     
   44916.4944664621     
   59570.6394433975     
   40479.1314792633     
   87945.5324954987     
   212204.312115177     
   40495.8140230179     
   100449.122203533     
   148690.043917362     
   119487.157025337     
   68780.2510114399     
   68879.4399518142     
   27296.3641078472     
   64103.1275501251     
   76225.3730471920     
   70222.4287014008     
   47555.9172680153     
   161320.543673190     
   108935.415370632     
   42909.9348239899     
   40920.0292382963     
   19721.4074411957     
   128474.290310383     
   106706.899587845     
   55660.7316532135     
   78053.8020601273     
   77302.3905826254     
   83664.3585319519     
   96486.6302765048     
   41738.4703514395     
   52112.5786072706     
   37034.4020626667     
   48769.3872240714     
   219692.502633939     
   77400.7108459473     
   110317.771921273     
   195947.051984787     
   159496.632446547     
   46156.3742604980     
   89206.5477663725     
   131866.391226768     
   56852.9937001196     
   83299.4477977753     
   123585.248426437     
   73555.0205059051     
   44428.8999348739     
   269864.481446147     
   108952.650417731     
   151539.055970290     
   6627.35108280182     
   71966.6600036621     
   44159.2215069644     
   105032.122278213     
   193191.501823063     
   90154.4306373596     
   49498.1334762573     
   52616.6007766724     
   146449.155406213     
   108245.201363724     
   25082.9034771919     
   51015.3697050101     
   132476.655633001     
   203328.631256580     
   36684.7729994710     
   86633.6389644905     
   110015.269563198     
   166930.924388373     
   161456.961655617     
   94171.1333093711     
   194235.213394642     
   41440.5070056915     
   164998.126640797     
   84741.7696068615     
   83590.6071643365     
   116011.621145248     
   204876.849197865     
   51009.2495794465     
   78134.5161161423     
   45283.3934164047     
   60002.7223892212     
   23812.7261457443     
   82842.1640682221     
   41204.8576202393     
   43241.4305381775     
   46784.6479530005     
   78642.4340562820     
   55672.6698307638     
   176888.506200986     
   62012.3427953720     
   266978.756611084     
   124265.242703438     
   60511.4521636963     
   145554.393633366     
   164086.149988070     
   102793.736907392     
   120601.368724458     
   43381.6970658638     
   112060.753039377     
   64894.7390211343     
   138922.345313489     
   52375.6547460556     
   81936.1296424866     
   224708.175604274     
   45229.4788112640     
   191930.652708054     
   193699.076352119     
   78703.5378913879     
   84566.4768811215     
   204065.210020305     
   151922.510317087     
   176038.017623425     
   37284.3392926452     
   85447.0432548523     
   74297.5057783517     
   152523.364327324     
   39551.9973478317     
   56646.8071517944     
   75237.0933017106     
   56943.9203357697     
   65771.6154899478     
   82551.8127355576     
   124054.095005620     
   89976.5651035309     
   80510.9642915726     
   42656.3514108658     
   48485.6218194962     
   44324.7732038498     
   45854.4009363935     
   55078.6748231351     
   58746.6553281841     
   79792.1514873505     
   69126.1212609160     
   46935.8780268824     
   73840.8661210378     
   131221.649100304     
   38936.9433077297     
   38791.9377665520     
   102448.508584024     
   23397.1132610300     
   47627.5685005598     
   51937.4191691650     
   83744.2937269211     
   26307.6152120434     
   62606.2252063751     
   111623.375654688     
   33285.4500409756     
   32624.5694999695     
   90557.7122090689     
   54498.9081232548     
   145331.356782066     
   109063.875968933     
   37687.6797246933     
   67012.2486757735     
   73907.4219741821     
   32606.1028947830     
   83432.5092420578     
   75979.8445315670     
   60849.6683740616     
   101416.753304681     
   36349.5155811310     
   48374.1036071777     
   83442.6300392151     
   63160.9640686171     
   49500.7597450133     
   127601.140022278     
   136848.608913422     
   40339.7465777098     
   141648.542230606     
   38328.2142795366     
   96545.7472715378     
   157918.160770125     
   99124.4070653915     
   45499.4912166595     
   91359.6424942017     
   64603.5622366970     
   14795.5017371178     
   82296.2633848190     
   37252.2843379974     
   29672.7228984833     
   24702.0780482292     
   94325.7240785941     
   55458.2142613510     
   42218.2963140243     
   49191.6106274577     
   43706.0103302002     
   77573.5879463368     
   78846.9125757217     
   89083.3910391129     
   45245.4904861450     
   56538.5198316574     
   66707.0607861201     
   71332.5442713465     
   47124.0753459930     
   46437.7064514643     
   43198.5763845444     
   35693.6518869400     
   232127.614727974     
   58490.5037301312     
   100273.411991119     
   52249.0080863641     
   124304.445159435     
   151417.626204491     
   93384.2620134354     
   38271.6743593216     
   44749.7844026158     
   66635.5497484045     
   28701.5687637329     
   77134.1988804011     
   72478.6308469772     
   158648.355583706     
   38936.7106094360     
   54264.8430118561     
   65421.7758764970     
   49014.8814021361     
   110811.272661347     
   71300.8418540955     
   30837.5905644559     
   99773.6720669277     
   147461.111437798     
   85776.5780401230     
   70430.8061447144     
   96091.8456211090     
   117461.733042398     
   73643.5003652573     
   96556.5344525735     
   42757.8226337433     
   53216.7182379979     
   60990.8606414795     
   168061.655786182     
   98254.4827821018     
   109856.601012659     
   40569.6251068115     
   34953.1651687622     
   180008.094409943     
   27367.0315132141     
   38725.0621805191     
   94141.8950819939     
   69536.0624482117     
   40656.5932183719     
   46156.9393601418     
   72866.8145988523     
   79428.7349824257     
   95959.4095792424     
   19214.9171497718     
   38539.2811715533     
   29916.1497488022     
   50512.3822722441     
   98799.9070711136     
   86962.6526373810     
   54521.8814344406     
   51172.5043935776     
   99811.6945369304     
   60798.8878970731     
   63692.3714151382     
   98930.8437614441     
   36875.4875755310     
   50322.9929568433     
   201848.644041777     
   63700.2553389560     
   64600.3397513882     
   36998.8894701004     
   121810.307759965     
   36334.0892105103     
   39063.0710258484     
   60261.4964547171     
   281525.077466071     
   92124.5754594419     
   98994.5007219315     
   77688.6137985319     
   75152.7506613283     
   41979.4751033783     
   32794.9990987778     
   168988.375835565     
   40523.7372772758     
   17521.6050643921     
   38656.2677702904     
   21519.7976641655     
   25435.7648768425     
   32533.7954798377     
   24395.0473756790     
   36934.6409845352     
   32134.1389506350     
   54608.4228153229     
   29470.6970615387     
   26868.2863667011     
   22396.0922965937     
   71125.5074753781     
   31960.4615421295     
   32255.8409776688     
   49964.9232268282     
   20272.3434429726     
   36518.4615936279     
   28072.9609947205     
   25507.5596122742     
   24525.3237466812     
   19328.2244682312     
   40438.8913745880     
   35373.0599651337     
   23884.3276683392     
   46931.2112907851     
   27078.4259989262     
   27946.0704126358     
   27871.9452977016     
   21521.5372217894     
   3579.21107568967     
   21708.6636061286     
   25146.5057187080     
   13307.6054122448     
   22127.9004364014     
   29161.5599191239     
   28829.4604902267     
   20304.5776515007     
   23438.2869362235     
   40461.2918623894     
   36478.6113958359     
   16476.8895918131     
   40063.5368852615     
   19697.7503151894     
   29333.4919272661     
   35713.5519680364     
   32774.4663124084     
   15796.8268190618     
   33618.7214460373     
   25710.1931581497     
   18202.1254569051     
   30634.0619115829     
   36413.3996553421     
   28004.3870428697     
   34566.4487447739     
   48712.0956492777     
   40214.0653641406     
   25923.9129762650     
   2755.47505402565     
   22279.5098998832     
   40560.8914899826     
   10710.9482346773     
   26745.1213135719     
   15832.2785966396     
   15354.3380489349     
   20415.0576095581     
   28734.3189628730     
   10678.2473366261     
   21306.2666976814     
   42585.2163324996     
   13876.5391842666     
   26881.0684181135     
   34047.7240076389     
   16197.2294254244     
   33530.2907927800     
   28968.5036230087     
   29579.5412325723     
   9877.41263103485     
   2208.98895400763     
   27875.6737299149     
   30436.6504583359     
   26639.5962712342     
   54885.3638001680     
   18576.6460736990     
   4011.41722655296     
   22781.8336298597     
   30435.9658080016     
   32358.7283048630     
   18823.7171173096     
   20800.3839834332     
   26511.8164401775     
   24087.2933330536     
   2344.77144622803     
   35546.9340372086     
   10434.2836112836     
   23901.6053037643     
   26260.0350165367     
   34356.9350790600     
   28178.5166006088     
   6183.58638215065     
   30200.8099327087     
   21162.9613761902     
   31702.8181114197     
   19807.5909695327     
   34880.8143424988     
   24887.3301305771     
   30573.5319576263     
   43034.7847633534     
   19223.9948585240     
   26225.8563241959     
   23562.1684880257     
   37394.8948265578     
   9839.40447521210     
   24794.7210214655     
   32118.2680911728     
   13381.0888316631     
   24501.3873291016     
   19509.5908487204     
   45520.3687820435     
   27980.3838376999     
   24383.9847782289     
   33376.5556583405     
   32288.9561758041     
   29133.0892235507     
   31339.2136993408     
   28643.8015127182     
   23147.5149960929     
   20422.6562490463     
   31030.0998048782     
   25892.3170137405     
   7984.84553527832     
   2380.49492049217     
   17579.9632034302     
   6910.96162145585     
   18749.4180178642     
   29577.4776382446     
   24817.6986026764     
   12971.7545404434     
   24638.8761711121     
   33867.5685110092     
   11017.8868970871     
   20432.7465641000     
   2071.73619079590     
   20336.0974568860     
   14571.4294775878     
   21123.8578271866     
   29239.3930778823     
   10200.7785971165     
   13798.1875308003     
   24724.1292357445     
   22433.0933470726     
   13260.6003885269     
   42666.0939121246     
   21968.1610525640     
   2015.26569175720     
   17803.3933801651     
   26150.6561603546     
   6831.74343824387     
   10532.0584439227     
   39341.2681951523     
   14623.7876305580     
   33258.4880075455     
   16605.5225939065     
   16985.7743291855     
   22032.0369833666     
   19626.2360944748     
   21258.5880930391     
   27015.1813611984     
   2047.52603435516     
   2824.65267771203     
   14037.8337364197     
   3024.53900623322     
   4484.04043804313     
   24081.9201078415     
   3205.51352947950     
   17493.6530321553     
   3698.78017354012     
   2043.31051540375     
   13876.7469625473     
   20033.1317863464     
   26227.6526317596     
   8477.98609709740     
   12921.8284950554     
   4390.06830334663     
   17637.3849569234     
   2344.76906371117     
   15817.6505537033     
   3060.19862291217     
   2130.51129609346     
   6415.41036868095     
   13295.4212120880     
   17429.5031453597     
   2071.57346057892     
   2043.82139015198     
   6387.25138425827     
   15386.3929929733     
   2904.53131043911     
   3052.42067706585     
   3579.21107568967     
   16448.1308879852     
   23938.9718217850     
   17121.3300951719     
   13855.6119527817     
   9288.69926834106     
   7989.88846521039     
   16321.5898723602     
   3952.42849016190     
   12798.0384874344     
   5960.42877292633     
   2120.92703003436     
   3457.34226942062     
   4563.11301660538     
   2045.11458873749     
   3643.21066137033     
   16107.3114662170     
   5607.91842550039     
   12965.0367522240     
   8059.82151794434     
   12267.7880303264     
   14819.1288633347     
   40557.6381340027     
   4110.91578257084     
   24297.8847925365     
   20589.3237895966     
   2910.16839316695     
   18628.1605609655     
   2046.05408477783     
   8319.00594409625     
   8394.50498705404     
   2435.14722287655     
   3381.90997982025     
   6614.02245372534     
   2042.59540939331     
   1738.03680896759     
   2019.28905773163     
   8713.21477882564     
   16459.7697448730     
   5355.86445546150     
   13926.2061804309     
   2075.99263911694     
   3350.31462275982     
   5759.84724600613     
   2265.92791980505     
   15666.2133035660     
   3745.07280282576     
   5870.69389533997     
   2046.36669921875     
   2590.35458761454     
   19567.6304848935     
   2311.19376884577     
   3851.34414386749     
   24178.6658992767     
   10057.5972032563     
   5039.49041551119     
   2983.99172616005     
   3546.10941046476     
   4008.63537240028     
   2021.26932907104     
   5374.06116052717     
   11340.0627608299     
   23555.5642166138     
   26858.5626325607     
   1738.46349525452     
   3008.05516827106     
   2265.92791980505     
   2043.65003490448     
   6807.15412748507     
   2208.98895400763     
   4413.15702229738     
   15341.0721819838     
   2045.89419364929     
   3315.55281710625     
   2477.84539675713     
   21695.9219684601     
   2208.99464270473     
   12921.8323202133     
   29295.4789152145     
   2140.42909558117     
   1738.44806194305     
   6083.26555919647     
   5160.23094463348     
   4744.54749631882     
   2070.32087135315     
   20430.7088074684     
   4467.88068222694     
   2369.97474235296     
   2048.60697980272     
   2030.85118915327     
   7939.00393360449     
   2388.50275844336     
   21096.5143412352     
   2045.65772819519     
   2017.32695388794     
   4582.22545206547     
   4285.79560625553     
   1738.75364208221     
   2044.37977313995     
   2069.76212787628     
   2071.16680812836     
   2045.52053451538     
   2046.07680511475     
   4000.58343338966     
   2044.73089599609     
   2307.32236814499     
   2082.89419894665     
   3079.85380032659     
   1714.09078216553     
   1712.85951519012     
   2602.85664296150     
   2103.66520407796     
   5789.01539391279     
   3159.35898095369     
   2067.64347267151     
   2046.13235759735     
   2045.57182598114     
   2071.31401729584     
   2046.37070941925     
   5728.47404670715     
   2045.40227317810     
   2174.72650276124     
   2019.20066833496     
   2264.51486819983     
   2069.46906757355     
   2044.47370529175     
   41045.8336949589     
   2557.62099856138     
   2128.11938634515     
   9697.21702599525     
   2045.62378120422     
   1712.99382114410     
   7504.00946397917     
   2070.98514080048     
   1688.89854717255     
   2018.42833900452     
   1712.99381351471     
   2841.72400391102     
   2079.34329167008     
   2157.01413482428     
   2236.04728606343     
   34801.2447037782     
   2045.17006587982     
   2046.12553215027     
   2068.66479682922     
   50750.2113475800     
   2044.49833106995     
   2477.19259620158     
   2417.16394487028     
   5856.54462579677     
   2071.33113002777     
   2018.17928314209     
   2144.69968897849     
   2428.07587492466     
   2070.97615623474     
   2042.77213287354     
   2221.56191644073     
   2609.14769041538     
   1714.06173992157     
   2043.38339900970     
   2044.94887351990     
   2020.80096817017     
   8340.46959161758     
   2020.24430561066     
   2020.58910560608     
   2083.42158232629     
   2044.03991031647     
   2070.94015884399     
   2246.42004916072     
   1989.27628135681     
   8624.46783494949     
   2045.95007228851     
   2071.11060333252     
   2043.03433704376     
   2060.97485697642     
   2045.98465442657     
   2042.45365333557     
   2019.05053138733     
   2045.62728786468     
   2307.87713512778     
   2018.79780197144     
   2045.00992393494     
   1713.89901351929     
   2081.69929889217     
   2020.60485649109     
   1688.12282371521     
   2018.63949966431     
   1713.63186454773     
   2046.12646579742     
   2042.86582946777     
   2045.60606575012     
   2070.26575279236     
   2273.03252384067     
   1713.10359668732     
   2013.92133140564     
   1713.66393280029     
   1689.00281906128     
   2018.26019382477     
   44733.5867261887     
   2409.10754096508     
   2044.67003345490     
   2017.40366363525     
   2017.93329620361     
   2014.14991092682     
   1713.46378993988     
   2017.86212539673     
   1689.02194023132     
   1688.76898288727     
   2018.81283760071     
   2041.64167308807     
   1995.64826011658     
   2022.78051183838     
   2018.97597217560     
   2018.63775825500     
   2044.93525981903     
   1738.64610862732     
