0.060045
-0.449179
-0.211397
0.278221
-0.534322
0.139128
0.104072
-1.232051
0.452135
-0.081537
0.435105
-0.146015
-0.033779
-0.723342
-0.340143
0.154393
0.534675
0.214010
0.165701
-0.531500
0.133880
0.086821
-0.194363
0.298718
0.761644
0.081218
-0.466258
0.273977
0.916750
-0.117710
-0.473853
0.005876
-0.036061
0.005362
0.270808
-0.245548
0.147341
0.016873
0.239620
0.207531
0.025020
-0.621679
-0.077446
-0.598168
0.007920
-0.111074
-0.029135
-0.192650
-0.176304
-0.598821
0.256748
-0.235574
-0.077505
0.305490
0.198273
0.074721
0.111114
0.207115
0.296987
-0.057165
0.049637
-0.366386
-0.049279
0.180288
0.081640
0.086124
-0.029194
0.399763
-0.264963
0.060465
0.038794
-0.019279
-0.017242
0.471530
0.176493
0.155032
-0.481794
0.265104
-0.015351
-0.945129
0.318005
0.317594
-0.262697
-0.159736
-0.062842
0.222302
-0.079849
-0.313974
-0.359331
-0.061376
0.257930
-0.412300
-0.359027
0.064377
0.284214
-0.071933
-0.184868
-0.180792
-0.140559
-0.067997
-0.043206
-0.060091
-0.417540
-0.092381
-0.159914
-0.137076
0.124887
-0.169066
-0.141337
-0.260318
0.008147
-0.312077
0.019666
-0.091307
-0.250845
0.030613
0.200307
-0.366059
-0.316277
0.027236
0.016421
0.311808
-0.079121
-0.042652
-0.183880
-0.052338
0.032094
0.173049
-0.043346
0.429014
-0.095664
-0.385413
-0.181846
-0.137780
-0.029998
-0.118356
-0.585120
-0.162249
0.069888
0.225295
0.036158
0.086623
-0.051439
-0.031768
0.465979
0.000591
-0.175706
0.176270
0.318899
-0.138145
-0.082204
0.470248
-0.302496
-0.042697
0.004172
-0.104138
-0.027711
0.136778
0.146339
-0.147437
-0.036525
0.195036
-0.295697
-0.083782
-0.029389
-0.456134
0.105765
0.314275
0.083849
0.049095
-0.082445
-0.186972
0.104150
-0.078228
0.471214
0.057436
-0.341266
0.081565
0.024712
0.010800
0.194578
0.228919
0.182008
-0.120612
-0.101459
0.123765
0.177452
0.120075
0.061361
0.104041
-0.006259
-0.052069
-0.159023
0.257925
0.026626
0.136436
0.216865
-0.324522
0.309507
0.012229
-0.419318
-0.208611
0.268317
0.106886
-0.173393
-0.266217
0.345544
-0.025080
-0.180417
-0.000347
-0.216541
-0.159275
-0.223455
-0.102515
-0.178284
-0.139721
-0.040197
0.257331
-0.389144
0.420039
0.062412
-0.095714
0.086764
-0.609203
-0.374721
-0.018856
-0.281363
-0.085407
0.233860
0.047750
-0.559574
0.242379
0.426931
-0.542905
0.172103
-0.053520
0.442506
0.056247
-0.233566
-0.213948
0.071403
0.024503
-0.119508
-0.222787
-0.171704
-0.132193
0.170492
-0.288338
0.609426
-0.166952
0.181804
0.332224
-0.437927
-0.327145
0.471679
0.511498
-0.622154
0.131927
-0.041802
0.256807
-0.469720
-0.441400
-0.435531
-0.071371
0.154530
0.209797
-0.202628
-0.425915
-0.187900
0.078481
-0.370751
0.411825
-0.782281
-0.280367
-0.349403
0.083555
0.761667
0.333566
-0.204162
0.138281
-0.061486
0.160902
0.286772
0.389819
0.223677
-0.008809
-0.355128
-0.637167
0.526484
0.054910
-0.201193
0.288292
0.505976
-0.111260
-0.238307
0.284704
-0.037515
-0.368331
-0.573292
-0.544198
0.286989
-0.609259
-0.731227
0.813601
-0.382718
0.079475
0.522469
0.456743
-0.049993
0.304839
0.434027
-0.455143
0.221461
0.316391
-0.243304
0.583061
-0.164895
-0.218570
-0.119746
-0.017597
-0.377155
-0.798851
0.115018
-0.604309
0.049162
0.019050
0.015229
0.216890
-0.026506
0.310952
0.133204
-0.295098
0.019195
-0.138826
0.689058
0.179234
-0.333364
0.959282
0.138348
0.225033
-0.155020
0.154227
0.754486
0.040769
-0.327265
0.164997
0.366298
0.398823
-0.107069
0.783827
0.113236
-0.069469
-0.416902
0.066522
0.322436
0.338885
-0.327451
-0.779292
-0.045080
-0.422946
0.695184
0.300662
-0.308625
-0.563495
0.476299
-0.396320
0.207023
0.333125
0.021824
-0.086254
-0.075567
-0.197258
0.713540
-0.251189
0.204800
0.014474
-0.180082
0.127269
0.148869
-0.300802
0.754092
0.944521
-0.298899
0.301224
0.166422
-0.692883
0.410039
-0.402054
-0.195071
1.154073
-0.097451
-0.640934
-0.252836
-0.330665
0.242966
0.336146
-0.777765
-0.161064
-1.083366
-0.034577
0.240924
0.430302
-0.093311
0.512648
-0.265884
0.644238
0.087204
0.025058
0.167469
0.311041
-0.284011
0.000508
0.036265
-0.904553
-0.105052
-0.249127
0.447454
0.419044
-0.335600
-0.846570
1.579694
1.400751
1.471338
-1.192305
0.616957
-0.521884
-0.598310
-0.061482
0.618804
0.425464
0.779596
0.891276
1.272048
-1.276966
-1.342652
-0.226031
-0.059908
-0.256778
-0.360656
0.236491
0.892524
0.663727
-0.145008
-0.085918
-0.136830
0.271217
-0.195833
0.244639
-0.051471
-0.184942
-0.125977
-0.331525
0.198848
-0.242525
-0.183087
-0.680854
-0.114053
-0.123781
-0.160506
-0.181182
0.004552
0.146947
0.150817
-0.489879
0.061761
1.250241
-0.523322
