-0.156829
-0.299920
-0.567599
0.022831
-0.108985
-0.008253
0.200325
-0.381510
0.227059
0.032934
0.263854
-0.192031
0.700403
-0.246204
-0.496815
0.097394
0.080155
0.492694
-0.400920
-0.598828
-0.222951
-0.022572
-0.389757
-0.309989
0.577878
-0.042548
-0.138410
0.558343
0.469745
-0.020514
-0.264999
0.001133
-0.277189
0.168024
0.157845
-0.019608
-0.108207
0.001918
0.006874
-0.195149
0.185208
-0.270970
0.278403
-0.411009
-0.136822
-0.222425
-0.349279
-0.424883
-0.475060
-0.565972
0.047685
-0.098230
-0.550475
-0.081263
0.444190
0.029219
0.072533
0.174052
-0.171389
0.157381
0.024995
-0.247541
-0.050138
-0.233756
0.133166
0.534788
0.209654
0.356802
0.388179
-0.517191
0.170522
0.022888
-0.266114
0.349721
0.200059
-0.012286
-0.188031
0.102462
-0.161785
-0.745613
0.368154
0.042606
0.168522
-0.062715
-0.048533
-0.184019
-0.086545
-0.223799
-0.041022
-0.306004
-0.039151
-0.280914
0.003329
-0.316055
0.094020
-0.045016
0.000825
-0.198532
0.399709
0.021853
0.229697
0.077672
-0.154389
0.167545
-0.279874
0.173095
-0.105934
-0.035967
0.078107
0.375692
-0.107282
-0.179157
-0.048140
-0.001964
-0.057332
-0.014884
0.187777
-0.212330
0.161779
-0.032198
-0.010114
-0.028693
-0.427850
0.142792
-0.152551
0.036845
0.003380
-0.342742
-0.138396
0.219225
-0.354064
-0.027273
-0.078477
-0.103565
0.085268
0.004192
-0.282717
-0.268470
0.205279
-0.050000
-0.063655
-0.009687
-0.139898
-0.189684
0.134328
-0.253061
0.063373
0.113047
-0.112943
-0.236549
-0.111756
0.313049
0.018309
-0.286087
-0.068719
0.064735
-0.158718
0.105478
0.123905
0.087396
0.274413
0.088060
-0.212336
0.101630
-0.326779
-0.187433
-0.025875
0.236405
-0.490579
0.290380
0.028515
0.000612
-0.496997
-0.146520
-0.075116
-0.073420
-0.208893
-0.274589
-0.000509
-0.199762
0.205909
0.287035
0.169623
-0.333378
0.084811
-0.094959
0.258091
0.024166
-0.047382
0.216449
0.424600
0.215410
0.302868
0.179269
0.190381
-0.093113
-0.124081
-0.018066
0.511191
0.001911
-0.043560
-0.227626
0.046696
-0.054466
-0.214353
-0.150800
-0.337458
-0.154205
-0.228089
0.366932
0.301172
-0.225422
0.002844
-0.091667
-0.165861
0.099243
0.403052
-0.263316
0.766721
0.232058
0.224796
-0.493891
-1.005009
-0.305517
-0.124961
0.307329
-0.491219
-0.115835
0.131131
-0.054284
-0.378947
0.639003
-0.073107
0.277906
0.700700
0.065747
-0.413820
-0.037349
-0.308429
0.154057
0.577450
0.226846
0.088532
-0.329792
-0.049830
0.069174
0.242812
0.227588
-0.259995
-0.131373
-0.231207
0.425000
0.093484
-0.240232
0.499606
0.577029
-0.392619
0.277557
0.242171
0.226185
-0.718020
-0.267013
-0.207875
-0.478704
-0.095692
-0.290513
0.122030
-0.231524
-0.490451
0.399726
-0.500698
0.251258
-0.492276
-0.765040
-0.351460
0.087009
0.151944
0.454202
-0.266825
0.080068
-0.053957
-0.267747
0.249378
0.055904
0.500583
-0.347533
-0.519183
-0.363695
0.117005
0.370837
0.353465
0.205264
0.329169
-0.525566
0.049460
-0.448100
0.293523
-0.285980
-0.080418
0.140098
0.183667
-0.446788
-0.408222
0.264100
-0.332071
0.510849
0.592785
0.623130
-0.495775
0.167854
0.287873
-0.271565
0.245927
0.898466
0.021274
1.105103
-0.244860
-0.063668
0.331372
0.007209
-0.386959
-0.455250
0.156856
-0.719314
0.600918
-0.502344
0.025083
0.031576
0.026540
0.651330
-0.078667
-0.443159
0.627805
0.351147
0.093921
0.322595
0.406254
-0.064638
0.410393
0.037262
-0.403294
-0.878408
0.070479
-0.418799
0.163277
0.214948
0.076669
-0.429597
0.115676
0.214176
0.000313
0.576857
-0.029076
0.047583
0.103184
-0.069913
-0.416085
-0.419474
-0.510431
0.128999
0.565735
-0.096060
-0.049736
-0.431506
0.155692
0.178829
-0.178336
-0.048021
-0.244239
-0.267864
-0.228809
-0.157509
-0.299186
-0.676045
0.492016
-0.556161
-0.318600
0.670440
0.173225
-0.050779
0.284915
0.384434
0.333652
0.389881
0.164747
-0.119926
0.803204
0.344892
0.438280
0.141474
0.075879
-0.493729
-0.211053
-0.598464
-0.321369
-0.063786
-0.027718
0.017329
-0.240777
-0.201005
0.035453
0.657551
-0.226684
-0.616670
0.191230
0.069294
0.091071
0.108272
-0.383644
-0.090718
0.410084
-0.192281
0.104522
-0.205436
-0.174834
-0.461541
-0.523556
0.381692
0.061304
-0.019991
2.043343
1.410639
1.211803
-0.431166
0.645976
-0.583401
-0.252818
-0.412852
0.284214
0.445227
0.743677
1.126064
0.954881
-1.484875
-1.702155
-0.440811
0.020574
0.048282
-0.492897
0.408432
0.355933
0.137417
-0.411582
0.021472
0.224431
-0.152661
0.008980
-0.164343
-0.113689
0.012172
-0.308632
-0.362918
0.016571
0.317179
-0.104660
-0.031948
-0.300718
0.180283
-0.003312
-0.237926
-0.433985
0.067550
-0.096718
-0.262032
0.012676
-0.085590
0.574854
-0.032622
0.371043
-0.142307
-0.006255
-0.193067
0.061921
0.006814
0.317026
0.218936
-0.065677
0.222252
-0.231406
-0.563527
1.001429
-0.134550
-1.139266
