     1      187.055528        0.000000      187.055528        0.000000        0.000007
     2      186.984614        0.000000      186.984614        0.000000        0.000009
     3      187.506171        0.000000      187.506171        0.000000        0.000005
     4      186.938557        0.000000      186.938557        0.000000        0.000005
     5      187.076031        0.000000      187.076031        0.000000        0.000009
     6      186.999065        0.000000      186.999065        0.000000        0.000008
     7      187.497061        0.000000      187.497061        0.000000        0.000006
     8      188.123299        0.000000      188.123299        0.000000        0.000007
     9      186.842761        0.000000      186.842761        0.000000        0.000007
    10      187.774239        0.000000      187.774239        0.000000        0.000004
    11      186.822824        0.000000      186.822824        0.000000        0.000007
    12      186.877018        0.036194      223.071039        0.000000        0.000010
    13      188.249670        0.000000      188.249670        0.000000        0.000006
    14      187.257421        0.000000      187.257421        0.000000        0.000008
    15      187.297033        0.000000      187.297033        0.000000        0.000007
    16      187.357078        0.000000      187.357078        0.000000        0.000007
    17      187.143691        0.000000      187.143691        0.000000        0.000006
    18      187.519487        0.000000      187.519487        0.000000        0.000006
    19      186.432601        0.000000      186.432601        0.000000        0.000009
    20      187.321017        0.000000      187.321017        0.000000        0.000005
    21      187.254382        0.000000      187.254382        0.000000        0.000009
    22      187.396415        0.000000      187.396415        0.000000        0.000006
    23      187.730571        0.000000      187.730571        0.000000        0.000005
    24      187.627262        0.000000      187.627262        0.000000        0.000005
    25      188.506826        0.000000      188.506826        0.000000        0.000006
    26      187.603867        0.000000      187.603867        0.000000        0.000005
    27      187.579629        0.000000      187.579629        0.000000        0.000010
    28      187.541175        0.000000      187.541175        0.000000        0.000006
    29      187.089540        0.000000      187.089540        0.000000        0.000006
    30      187.987821        0.000000      187.987821        0.000000        0.000006
    31      187.417161        0.000000      187.417161        0.000000        0.000007
    32      187.406705        0.000000      187.406705        0.000000        0.000007
    33      187.664936        0.000000      187.664936        0.000000        0.000004
    34      187.757450        0.000000      187.757450        0.000000        0.000006
    35      186.704244        0.000000      186.704244        0.000000        0.000010
    36      186.415959        0.000000      186.415959        0.000000        0.000006
    37      186.800692        0.000000      186.800692        0.000000        0.000009
    38      187.744743        0.000000      187.744743        0.000000        0.000005
    39      186.939845        0.000000      186.939845        0.000000        0.000006
    40      186.454619        0.000000      186.454619        0.000000        0.000010
    41      187.781818        0.000000      187.781818        0.000000        0.000006
    42      186.911348        0.000000      186.911348        0.000000        0.000006
    43      187.290124        0.000000      187.290124        0.000000        0.000006
    44      187.919909        0.000000      187.919909        0.000000        0.000007
    45      187.483019        0.000000      187.483019        0.000000        0.000006
    46      187.388528        0.000000      187.388528        0.000000        0.000007
    47      187.603620        0.000000      187.603620        0.000000        0.000007
    48      187.659851        0.000000      187.659851        0.000000        0.000006
    49      187.983218        0.000000      187.983218        0.000000        0.000007
    50      187.274534        0.000000      187.274534        0.000000        0.000007
    51      186.861657        0.000000      186.861657        0.000000        0.000006
    52      187.894989        0.000000      187.894989        0.000000        0.000006
    53      187.171066        0.000000      187.171066        0.000000        0.000007
    54      186.989905        0.000000      186.989905        0.000000        0.000006
    55      186.555655        0.000000      186.555655        0.000000        0.000009
    56      187.278641        0.000000      187.278641        0.000000        0.000006
    57      187.027892        0.000000      187.027892        0.000000        0.000006
    58      187.551835        0.000000      187.551835        0.000000        0.000007
    59      187.441061        0.000000      187.441061        0.000000        0.000008
    60      187.622932        0.000000      187.622932        0.000000        0.000007
    61      186.971225        0.000000      186.971225        0.000000        0.000006
    62      186.525197        0.000000      186.525197        0.000000        0.000008
    63      187.348602        0.000000      187.348602        0.000000        0.000009
    64      187.187726        0.000000      187.187726        0.000000        0.000007
    65      187.180279        0.000000      187.180279        0.000000        0.000007
    66      187.243123        0.000000      187.243123        0.000000        0.000007
    67      186.756414        0.000000      186.756414        0.000000        0.000007
    68      187.271652        0.000000      187.271652        0.000000        0.000007
    69      188.178108        0.000000      188.178108        0.000000        0.000004
    70      187.060944        0.000000      187.060944        0.000000        0.000005
    71      187.820084        0.000000      187.820084        0.000000        0.000009
    72      186.681817        0.000000      186.681817        0.000000        0.000006
    73      186.349975        0.000000      186.349975        0.000000        0.000009
    74      187.282315        0.000000      187.282315        0.000000        0.000006
    75      187.584725        0.000000      187.584725        0.000000        0.000006
    76      186.555000        0.318240      504.795323        0.000000        0.000013
    77      187.558847        0.000000      187.558847        0.000000        0.000005
    78      188.017567        0.000000      188.017567        0.000000        0.000005
    79      187.398425        0.000000      187.398425        0.000000        0.000008
    80      187.354611        0.000000      187.354611        0.000000        0.000007
    81      187.242834        0.000000      187.242834        0.000000        0.000006
    82      187.109392        0.000000      187.109392        0.000000        0.000009
    83      186.734606        0.000000      186.734606        0.000000        0.000007
    84      186.749925        0.000000      186.749925        0.000000        0.000006
    85      187.448796        0.000000      187.448796        0.000000        0.000006
    86      187.157111        0.000000      187.157111        0.000000        0.000007
    87      187.643929        0.000000      187.643929        0.000000        0.000004
    88      187.294583        0.000000      187.294583        0.000000        0.000005
    89      187.062651        0.000000      187.062651        0.000000        0.000009
    90      186.504375        0.000000      186.504375        0.000000        0.000007
    91      186.971256        0.000000      186.971256        0.000000        0.000008
    92      188.055101        0.000000      188.055101        0.000000        0.000005
    93      187.737145        0.000000      187.737145        0.000000        0.000009
    94      187.799804        0.000000      187.799804        0.000000        0.000008
    95      186.729134        0.000000      186.729134        0.000000        0.000009
    96      186.733420        0.000000      186.733420        0.000000        0.000009
    97      186.884599        0.000000      186.884599        0.000000        0.000008
    98      187.474010        0.000000      187.474010        0.000000        0.000006
    99      187.142119        0.000000      187.142119        0.000000        0.000009
   100      187.241469        0.000000      187.241469        0.000000        0.000007
   101      187.206781        0.000000      187.206781        0.000000        0.000007
   102      187.427377        0.000000      187.427377        0.000000        0.000004
   103      187.921443        0.000000      187.921443        0.000000        0.000005
   104      186.459501        0.000000      186.459501        0.000000        0.000008
   105      187.444906        0.000000      187.444906        0.000000        0.000006
   106      188.015036        0.000000      188.015036        0.000000        0.000005
   107      187.208621        0.000000      187.208621        0.000000        0.000007
   108      187.700776        0.000000      187.700776        0.000000        0.000005
   109      187.180531        0.000000      187.180531        0.000000        0.000008
   110      187.021596        0.000000      187.021596        0.000000        0.000006
   111      186.700074        0.000000      186.700074        0.000000        0.000005
   112      187.309285        0.000000      187.309285        0.000000        0.000006
   113      187.280917        0.000000      187.280917        0.000000        0.000006
   114      186.345061        0.000000      186.345061        0.000000        0.000009
   115      188.258279        0.000000      188.258279        0.000000        0.000007
   116      187.730991        0.000000      187.730991        0.000000        0.000005
   117      187.677869        0.000000      187.677869        0.000000        0.000006
   118      187.608111        0.000000      187.608111        0.000000        0.000007
   119      187.247322        0.466379      653.626193        0.000000        0.000015
   120      187.278367        0.000000      187.278367        0.000000        0.000006
   121      186.836637        0.000000      186.836637        0.000000        0.000006
   122      187.971457        0.000000      187.971457        0.000000        0.000007
   123      187.325767        0.000000      187.325767        0.000000        0.000007
   124      187.099234        0.000000      187.099234        0.000000        0.000007
   125      187.930087        0.000000      187.930087        0.000000        0.000006
   126      188.057384        0.000000      188.057384        0.000000        0.000006
   127      186.999344        0.000000      186.999344        0.000000        0.000007
   128      187.372835        0.000000      187.372835        0.000000        0.000007
   129      187.389042        0.000000      187.389042        0.000000        0.000009
   130      187.592534        0.000000      187.592534        0.000000        0.000006
   131      187.887930        0.000000      187.887930        0.000000        0.000006
   132      187.738292        0.000000      187.738292        0.000000        0.000005
   133      186.753298        0.000000      186.753298        0.000000        0.000008
   134      187.687640        0.000000      187.687640        0.000000        0.000007
   135      187.250154        0.000000      187.250154        0.000000        0.000009
   136      187.006745        0.000000      187.006745        0.000000        0.000007
   137      186.292892        0.000000      186.292892        0.000000        0.000009
   138      187.692543        0.000000      187.692543        0.000000        0.000007
   139      187.843146        0.000000      187.843146        0.000000        0.000005
   140      186.861602        0.000000      186.861602        0.000000        0.000006
   141      187.515349        0.000000      187.515349        0.000000        0.000006
   142      187.420539        0.000000      187.420539        0.000000        0.000005
   143      186.830187        0.000000      186.830187        0.000000        0.000007
   144      187.745588        0.000000      187.745588        0.000000        0.000005
   145      187.167921        0.000000      187.167921        0.000000        0.000005
   146      186.939175        0.000000      186.939175        0.000000        0.000006
   147      187.932768        0.000000      187.932768        0.000000        0.000007
   148      187.477908        0.000000      187.477908        0.000000        0.000005
   149      187.358150        0.052646      240.003807        0.000000        0.000011
   150      186.658405        0.000000      186.658405        0.000000        0.000006
   151      187.677292        0.000000      187.677292        0.000000        0.000008
   152      187.052458        0.000000      187.052458        0.000000        0.000007
   153      187.195672        0.000000      187.195672        0.000000        0.000008
   154      187.715780        0.000000      187.715780        0.000000        0.000007
   155      187.395471        0.000000      187.395471        0.000000        0.000007
   156      187.751760        0.000000      187.751760        0.000000        0.000005
   157      186.929433        0.000000      186.929433        0.000000        0.000006
   158      187.615678        0.000000      187.615678        0.000000        0.000006
   159      187.907165        0.000000      187.907165        0.000000        0.000003
   160      188.389827        0.000000      188.389827        0.000000        0.000005
   161      187.647656        0.000000      187.647656        0.000000        0.000006
   162      187.775242        0.000000      187.775242        0.000000        0.000006
   163      186.358570        0.000000      186.358570        0.000000        0.000009
   164      186.852076        0.000000      186.852076        0.000000        0.000006
   165      187.125584        0.000000      187.125584        0.000000        0.000008
   166      187.249093        0.000000      187.249093        0.000000        0.000006
   167      187.542607        0.000000      187.542607        0.000000        0.000009
   168      187.881811        0.000000      187.881811        0.000000        0.000007
   169      187.770610        0.000000      187.770610        0.000000        0.000006
   170      187.544497        0.000000      187.544497        0.000000        0.000005
   171      187.822359        0.000000      187.822359        0.000000        0.000004
   172      186.918538        0.000000      186.918538        0.000000        0.000006
   173      186.972028        0.000000      186.972028        0.000000        0.000005
   174      187.183055        0.000000      187.183055        0.000000        0.000006
   175      187.211645        0.000000      187.211645        0.000000        0.000005
   176      187.967350        0.000000      187.967350        0.000000        0.000006
   177      187.515968        0.000000      187.515968        0.000000        0.000006
   178      187.567172        0.000000      187.567172        0.000000        0.000007
   179      187.845871        0.000000      187.845871        0.000000        0.000004
   180      187.081314        0.000000      187.081314        0.000000        0.000009
   181      187.459759        0.000000      187.459759        0.000000        0.000005
   182      187.432709        0.000000      187.432709        0.000000        0.000006
   183      186.811246        0.000000      186.811246        0.000000        0.000008
   184      187.138950        0.000000      187.138950        0.000000        0.000005
   185      186.885101        0.000000      186.885101        0.000000        0.000007
   186      187.279757        0.000000      187.279757        0.000000        0.000004
   187      187.244447        0.000000      187.244447        0.000000        0.000009
   188      187.007062        0.000000      187.007062        0.000000        0.000008
   189      186.942925        0.000000      186.942925        0.000000        0.000006
   190      187.492607        0.000000      187.492607        0.000000        0.000004
   191      186.730040        0.000000      186.730040        0.000000        0.000008
   192      187.304280        0.000000      187.304280        0.000000        0.000007
   193      186.973130        0.000000      186.973130        0.000000        0.000007
   194      187.398804        0.000000      187.398804        0.000000        0.000008
   195      188.351820        0.000000      188.351820        0.000000        0.000008
   196      187.519157        0.000000      187.519157        0.000000        0.000004
   197      188.166751        0.000000      188.166751        0.000000        0.000007
   198      187.113047        0.000000      187.113047        0.000000        0.000005
   199      187.065989        0.000000      187.065989        0.000000        0.000008
   200      187.171429        0.000000      187.171429        0.000000        0.000007
   201      188.399416        0.000000      188.399416        0.000000        0.000006
   202      187.494173        0.000000      187.494173        0.000000        0.000007
   203      187.532335        0.000000      187.532335        0.000000        0.000006
   204      187.818869        0.000000      187.818869        0.000000        0.000006
   205      186.579062        0.000000      186.579062        0.000000        0.000007
   206      186.833997        0.000000      186.833997        0.000000        0.000008
   207      187.555478        0.000000      187.555478        0.000000        0.000008
   208      187.348568        0.000000      187.348568        0.000000        0.000006
   209      186.790904        0.000000      186.790904        0.000000        0.000008
   210      187.729946        0.000000      187.729946        0.000000        0.000007
   211      187.199049        0.000000      187.199049        0.000000        0.000007
   212      186.799157        0.000000      186.799157        0.000000        0.000008
   213      187.095167        0.000000      187.095167        0.000000        0.000006
   214      186.755803        0.000000      186.755803        0.000000        0.000006
   215      187.355126        0.000000      187.355126        0.000000        0.000006
   216      187.887572        0.000000      187.887572        0.000000        0.000006
   217      186.890811        0.000000      186.890811        0.000000        0.000007
   218      187.997727        0.000000      187.997727        0.000000        0.000005
   219      186.895732        0.000000      186.895732        0.000000        0.000009
   220      186.842836        0.087875      274.717912        0.000000        0.000011
   221      186.990960        0.000000      186.990960        0.000000        0.000005
   222      187.311785        0.000000      187.311785        0.000000        0.000005
   223      187.430957        0.000000      187.430957        0.000000        0.000004
   224      187.125486        0.000000      187.125486        0.000000        0.000004
   225      186.322850        0.129967      316.290134        0.000000        0.000011
   226      186.810295        0.000000      186.810295        0.000000        0.000006
   227      187.278390        0.000000      187.278390        0.000000        0.000005
   228      187.368146        0.000000      187.368146        0.000000        0.000006
   229      187.723228        0.000000      187.723228        0.000000        0.000005
   230      186.491604        0.000000      186.491604        0.000000        0.000005
   231      187.306263        0.000000      187.306263        0.000000        0.000005
   232      186.932130        0.000000      186.932130        0.000000        0.000007
   233      187.674299        0.000000      187.674299        0.000000        0.000005
   234      187.266691        0.000000      187.266691        0.000000        0.000007
   235      187.851763        0.000000      187.851763        0.000000        0.000005
   236      187.323691        0.000000      187.323691        0.000000        0.000005
   237      187.246959        0.000000      187.246959        0.000000        0.000007
   238      186.876779        0.000000      186.876779        0.000000        0.000006
   239      187.082760        0.000000      187.082760        0.000000        0.000007
   240      187.270374        0.000000      187.270374        0.000000        0.000007
   241      187.194101        0.000000      187.194101        0.000000        0.000006
   242      187.290253        0.000000      187.290253        0.000000        0.000006
   243      187.420846        0.000000      187.420846        0.000000        0.000005
   244      187.406689        0.000000      187.406689        0.000000        0.000008
   245      187.170656        0.000000      187.170656        0.000000        0.000006
   246      187.242992        0.000000      187.242992        0.000000        0.000010
   247      187.766792        0.000000      187.766792        0.000000        0.000005
   248      186.940258        0.000000      186.940258        0.000000        0.000006
   249      186.813946        0.000000      186.813946        0.000000        0.000005
   250      187.337547        0.000000      187.337547        0.000000        0.000006
   251      187.291291        0.000000      187.291291        0.000000        0.000006
   252      187.301270        0.000000      187.301270        0.000000        0.000004
   253      188.149701        0.000000      188.149701        0.000000        0.000008
   254      186.854190        0.000000      186.854190        0.000000        0.000006
   255      186.662849        0.000000      186.662849        0.000000        0.000009
   256      188.098128        0.000000      188.098128        0.000000        0.000006
   257      187.942473        0.000000      187.942473        0.000000        0.000004
   258      188.219883        0.000000      188.219883        0.000000        0.000006
   259      187.083277        0.000000      187.083277        0.000000        0.000005
   260      187.439178        0.000000      187.439178        0.000000        0.000007
   261      186.642274        0.000000      186.642274        0.000000        0.000005
   262      187.023058        0.000000      187.023058        0.000000        0.000007
   263      187.655969        0.000000      187.655969        0.000000        0.000007
   264      187.646981        0.000000      187.646981        0.000000        0.000008
   265      187.588481        0.000000      187.588481        0.000000        0.000006
   266      187.127342        0.000000      187.127342        0.000000        0.000008
   267      187.246383        0.000000      187.246383        0.000000        0.000006
   268      187.162087        0.000000      187.162087        0.000000        0.000006
   269      187.396250        0.000000      187.396250        0.000000        0.000005
   270      186.958296        0.000000      186.958296        0.000000        0.000007
   271      187.268327        0.000000      187.268327        0.000000        0.000009
   272      187.466947        0.000000      187.466947        0.000000        0.000004
   273      187.280012        0.000000      187.280012        0.000000        0.000006
   274      187.697694        0.000000      187.697694        0.000000        0.000007
   275      187.579060        0.000000      187.579060        0.000000        0.000005
   276      186.914058        0.000000      186.914058        0.000000        0.000005
   277      187.025044        0.000000      187.025044        0.000000        0.000005
   278      187.469344        0.000000      187.469344        0.000000        0.000007
   279      186.859896        0.000000      186.859896        0.000000        0.000007
   280      187.565837        0.041170      228.735503        0.000000        0.000010
   281      187.400584        0.000000      187.400584        0.000000        0.000006
   282      187.296306        0.000000      187.296306        0.000000        0.000005
   283      187.049641        0.000000      187.049641        0.000000        0.000005
   284      186.920403        0.000000      186.920403        0.000000        0.000007
   285      187.182712        0.000000      187.182712        0.000000        0.000005
   286      187.415276        0.000000      187.415276        0.000000        0.000008
   287      187.700753        0.000000      187.700753        0.000000        0.000007
   288      187.033335        0.000000      187.033335        0.000000        0.000007
   289      187.048018        0.000000      187.048018        0.000000        0.000006
   290      186.911654        0.000000      186.911654        0.000000        0.000005
   291      187.582301        0.000000      187.582301        0.000000        0.000004
   292      186.915686        0.030209      217.124926        0.000000        0.000010
   293      187.682282        0.000000      187.682282        0.000000        0.000006
   294      186.754180        0.000000      186.754180        0.000000        0.000007
   295      186.707365        0.000000      186.707365        0.000000        0.000009
   296      187.565584        0.000000      187.565584        0.000000        0.000007
   297      187.346920        0.000000      187.346920        0.000000        0.000007
   298      187.330048        0.000000      187.330048        0.000000        0.000007
   299      187.253326        0.000000      187.253326        0.000000        0.000005
   300      187.901065        0.000000      187.901065        0.000000        0.000005
   301      186.691631        0.000000      186.691631        0.000000        0.000006
   302      187.373011        0.000000      187.373011        0.000000        0.000005
   303      186.943073        0.000000      186.943073        0.000000        0.000008
   304      186.913640        0.000000      186.913640        0.000000        0.000008
   305      187.282905        0.000000      187.282905        0.000000        0.000006
   306      187.676267        0.000000      187.676267        0.000000        0.000004
   307      187.222378        0.000000      187.222378        0.000000        0.000004
   308      187.047225        0.000000      187.047225        0.000000        0.000005
   309      187.877345        0.000000      187.877345        0.000000        0.000007
   310      187.655885        0.000000      187.655885        0.000000        0.000005
   311      187.165040        0.029568      216.733285        0.000000        0.000010
   312      186.555765        0.000000      186.555765        0.000000        0.000007
   313      187.260028        0.000000      187.260028        0.000000        0.000006
   314      188.201163        0.000000      188.201163        0.000000        0.000005
   315      187.418759        0.000000      187.418759        0.000000        0.000006
   316      187.293227        0.016480      203.773630        0.000000        0.000010
   317      187.215296        0.000000      187.215296        0.000000        0.000007
   318      187.387919        0.000000      187.387919        0.000000        0.000006
   319      187.111345        0.000000      187.111345        0.000000        0.000006
   320      186.911003        0.000000      186.911003        0.000000        0.000009
   321      187.971424        0.000000      187.971424        0.000000        0.000004
   322      186.965239        0.000000      186.965239        0.000000        0.000009
   323      186.586375        0.000000      186.586375        0.000000        0.000007
   324      186.940106        0.000000      186.940106        0.000000        0.000005
   325      188.227687        0.000000      188.227687        0.000000        0.000005
   326      186.746924        0.295009      481.755899        0.000000        0.000013
   327      186.748329        0.000000      186.748329        0.000000        0.000010
   328      187.098624        0.000000      187.098624        0.000000        0.000007
   329      187.088265        0.000000      187.088265        0.000000        0.000005
   330      186.689140        0.000000      186.689140        0.000000        0.000007
   331      187.220940        0.000000      187.220940        0.000000        0.000008
   332      187.000535        0.000000      187.000535        0.000000        0.000006
   333      187.375884        0.000000      187.375884        0.000000        0.000007
   334      186.909640        0.070358      257.267743        0.000000        0.000011
   335      187.638363        0.000000      187.638363        0.000000        0.000007
   336      187.582679        0.000000      187.582679        0.000000        0.000007
   337      187.038215        0.000000      187.038215        0.000000        0.000005
   338      187.365438        0.000000      187.365438        0.000000        0.000004
   339      187.529563        0.000000      187.529563        0.000000        0.000008
   340      186.878949        0.000000      186.878949        0.000000        0.000008
   341      187.073558        0.000000      187.073558        0.000000        0.000006
   342      187.293740        0.000000      187.293740        0.000000        0.000007
   343      187.286018        0.000000      187.286018        0.000000        0.000005
   344      187.107422        0.023152      210.259212        0.000000        0.000010
   345      186.859546        0.000000      186.859546        0.000000        0.000008
   346      186.738401        0.000000      186.738401        0.000000        0.000009
   347      187.390001        0.000000      187.390001        0.000000        0.000006
   348      187.825387        0.000000      187.825387        0.000000        0.000006
   349      187.390657        0.000000      187.390657        0.000000        0.000005
   350      187.236566        0.000000      187.236566        0.000000        0.000006
   351      186.741587        0.000000      186.741587        0.000000        0.000008
   352      187.670678        0.000000      187.670678        0.000000        0.000007
   353      187.903734        0.000000      187.903734        0.000000        0.000006
   354      187.269352        0.000000      187.269352        0.000000        0.000007
   355      187.392801        0.000000      187.392801        0.000000        0.000006
   356      187.069102        0.000000      187.069102        0.000000        0.000007
   357      186.803059        0.000000      186.803059        0.000000        0.000008
   358      187.492639        0.000000      187.492639        0.000000        0.000008
   359      186.860718        0.000000      186.860718        0.000000        0.000007
   360      187.545089        0.000000      187.545089        0.000000        0.000005
   361      187.466420        0.000000      187.466420        0.000000        0.000008
   362      186.788545        0.000000      186.788545        0.000000        0.000006
   363      186.960161        0.000000      186.960161        0.000000        0.000005
   364      187.020060        0.000000      187.020060        0.000000        0.000009
   365      187.681501        0.000000      187.681501        0.000000        0.000006
   366      187.574803        0.000000      187.574803        0.000000        0.000008
   367      186.905978        0.000000      186.905978        0.000000        0.000005
   368      187.617925        0.000000      187.617925        0.000000        0.000008
   369      188.356994        0.000000      188.356994        0.000000        0.000005
   370      187.203007        0.000000      187.203007        0.000000        0.000005
   371      186.265335        0.000000      186.265335        0.000000        0.000008
   372      187.171305        0.000000      187.171305        0.000000        0.000007
   373      187.235535        0.000000      187.235535        0.000000        0.000006
   374      188.063748        0.000000      188.063748        0.000000        0.000005
   375      187.544619        0.000000      187.544619        0.000000        0.000007
   376      187.725203        0.000000      187.725203        0.000000        0.000006
   377      187.088625        0.000000      187.088625        0.000000        0.000005
   378      187.803882        0.000000      187.803882        0.000000        0.000007
   379      187.239025        0.000000      187.239025        0.000000        0.000006
   380      187.110880        0.000000      187.110880        0.000000        0.000006
   381      187.419313        0.000000      187.419313        0.000000        0.000005
   382      187.034804        0.000000      187.034804        0.000000        0.000005
   383      186.900652        0.083917      270.817366        0.000000        0.000011
   384      187.098507        0.000000      187.098507        0.000000        0.000005
   385      187.105461        0.000000      187.105461        0.000000        0.000008
   386      187.521387        0.000000      187.521387        0.000000        0.000006
   387      186.831834        0.000000      186.831834        0.000000        0.000006
   388      187.526682        0.000000      187.526682        0.000000        0.000005
   389      187.079232        0.000000      187.079232        0.000000        0.000008
   390      186.661757        0.000000      186.661757        0.000000        0.000010
   391      187.397534        0.000000      187.397534        0.000000        0.000005
   392      187.837103        0.000000      187.837103        0.000000        0.000005
   393      187.902222        0.000000      187.902222        0.000000        0.000007
   394      187.010451        0.000000      187.010451        0.000000        0.000010
   395      187.107666        0.000000      187.107666        0.000000        0.000006
   396      187.831300        0.000000      187.831300        0.000000        0.000006
   397      186.411647        0.000000      186.411647        0.000000        0.000007
   398      187.208604        0.000000      187.208604        0.000000        0.000009
   399      187.328358        0.000000      187.328358        0.000000        0.000007
   400      187.335351        0.000000      187.335351        0.000000        0.000009
   401      187.685877        0.000000      187.685877        0.000000        0.000006
   402      186.955430        0.000000      186.955430        0.000000        0.000006
   403      186.499915        0.000000      186.499915        0.000000        0.000007
   404      186.745949        0.000000      186.745949        0.000000        0.000007
   405      187.656697        0.000000      187.656697        0.000000        0.000005
   406      187.223430        0.000000      187.223430        0.000000        0.000009
   407      186.987790        0.000000      186.987790        0.000000        0.000006
   408      187.209546        0.000000      187.209546        0.000000        0.000007
   409      187.317084        0.000000      187.317084        0.000000        0.000005
   410      187.174483        0.000000      187.174483        0.000000        0.000005
   411      187.818391        0.000000      187.818391        0.000000        0.000004
   412      187.257110        0.000000      187.257110        0.000000        0.000008
   413      187.677196        0.000000      187.677196        0.000000        0.000006
   414      187.006745        0.000000      187.006745        0.000000        0.000006
   415      187.312909        0.000000      187.312909        0.000000        0.000005
   416      187.291962        0.000000      187.291962        0.000000        0.000007
   417      187.205834        0.000000      187.205834        0.000000        0.000005
   418      187.497074        0.000000      187.497074        0.000000        0.000006
   419      186.696542        0.000000      186.696542        0.000000        0.000009
   420      187.075676        0.000000      187.075676        0.000000        0.000006
   421      187.757757        0.000000      187.757757        0.000000        0.000006
   422      186.915824        0.069628      256.543341        0.000000        0.000011
   423      186.732890        0.000000      186.732890        0.000000        0.000007
   424      187.000939        0.000000      187.000939        0.000000        0.000005
   425      187.734956        0.000000      187.734956        0.000000        0.000006
   426      187.203454        0.000000      187.203454        0.000000        0.000005
   427      187.219707        0.000000      187.219707        0.000000        0.000006
   428      187.212047        0.000000      187.212047        0.000000        0.000007
   429      187.486069        0.000000      187.486069        0.000000        0.000006
   430      187.455317        0.000000      187.455317        0.000000        0.000004
   431      187.129001        0.000000      187.129001        0.000000        0.000008
   432      187.447718        0.000000      187.447718        0.000000        0.000005
   433      187.691561        0.000000      187.691561        0.000000        0.000007
   434      187.668092        0.000000      187.668092        0.000000        0.000006
   435      187.268606        0.000000      187.268606        0.000000        0.000004
   436      186.718048        0.000000      186.718048        0.000000        0.000006
   437      186.847560        0.000000      186.847560        0.000000        0.000007
   438      187.513299        0.000000      187.513299        0.000000        0.000008
   439      187.863145        0.000000      187.863145        0.000000        0.000006
   440      187.037981        0.000000      187.037981        0.000000        0.000008
   441      187.146517        0.000000      187.146517        0.000000        0.000008
   442      186.251463        0.000000      186.251463        0.000000        0.000008
   443      187.495610        0.000000      187.495610        0.000000        0.000005
   444      187.903183        0.000000      187.903183        0.000000        0.000006
   445      187.437242        0.000000      187.437242        0.000000        0.000007
   446      187.541131        0.000000      187.541131        0.000000        0.000006
   447      187.195656        0.000000      187.195656        0.000000        0.000007
   448      188.075146        0.000000      188.075146        0.000000        0.000005
   449      187.171044        0.000000      187.171044        0.000000        0.000006
   450      187.819395        0.000000      187.819395        0.000000        0.000008
   451      187.769135        0.000000      187.769135        0.000000        0.000005
   452      186.969249        0.000000      186.969249        0.000000        0.000008
   453      187.331669        0.000000      187.331669        0.000000        0.000008
   454      187.028912        0.000000      187.028912        0.000000        0.000006
   455      187.378375        0.000000      187.378375        0.000000        0.000008
   456      187.886562        0.000000      187.886562        0.000000        0.000006
   457      186.894371        0.000000      186.894371        0.000000        0.000008
   458      187.554862        0.000000      187.554862        0.000000        0.000005
   459      187.463399        0.000000      187.463399        0.000000        0.000004
   460      187.749010        0.000000      187.749010        0.000000        0.000006
   461      186.985608        0.000000      186.985608        0.000000        0.000007
   462      186.995605        0.000000      186.995605        0.000000        0.000005
   463      187.054495        0.000000      187.054495        0.000000        0.000008
   464      186.806614        0.000000      186.806614        0.000000        0.000009
   465      186.998277        0.000000      186.998277        0.000000        0.000007
   466      186.936366        0.000000      186.936366        0.000000        0.000005
   467      187.487486        0.000000      187.487486        0.000000        0.000006
   468      187.481660        0.000000      187.481660        0.000000        0.000005
   469      187.096744        0.000000      187.096744        0.000000        0.000005
   470      187.383903        0.000000      187.383903        0.000000        0.000007
   471      186.677084        0.000000      186.677084        0.000000        0.000008
   472      186.355391        0.000000      186.355391        0.000000        0.000006
   473      186.986306        0.000000      186.986306        0.000000        0.000006
   474      187.090159        0.000000      187.090159        0.000000        0.000004
   475      187.268212        0.000000      187.268212        0.000000        0.000007
   476      187.344604        0.000000      187.344604        0.000000        0.000005
   477      186.865897        0.000000      186.865897        0.000000        0.000006
   478      187.190586        0.000000      187.190586        0.000000        0.000007
   479      187.071074        0.000000      187.071074        0.000000        0.000006
   480      188.116589        0.000000      188.116589        0.000000        0.000006
   481      186.920781        0.000000      186.920781        0.000000        0.000005
   482      186.566285        0.000000      186.566285        0.000000        0.000009
   483      186.752897        0.000000      186.752897        0.000000        0.000009
   484      187.574948        0.000000      187.574948        0.000000        0.000005
   485      186.900260        0.000000      186.900260        0.000000        0.000006
   486      187.361619        0.000000      187.361619        0.000000        0.000006
   487      187.778975        0.000000      187.778975        0.000000        0.000006
   488      187.928588        0.000000      187.928588        0.000000        0.000004
   489      187.485469        0.000000      187.485469        0.000000        0.000006
   490      187.044205        0.000000      187.044205        0.000000        0.000007
   491      187.505203        0.000000      187.505203        0.000000        0.000006
   492      187.500598        0.000000      187.500598        0.000000        0.000005
   493      187.258436        0.000000      187.258436        0.000000        0.000005
   494      186.906838        0.000000      186.906838        0.000000        0.000008
   495      186.598394        0.000000      186.598394        0.000000        0.000008
   496      187.339241        0.000000      187.339241        0.000000        0.000005
   497      188.401635        0.000000      188.401635        0.000000        0.000004
   498      186.833579        0.000000      186.833579        0.000000        0.000007
   499      187.516255        0.000000      187.516255        0.000000        0.000006
   500      186.990581        0.000000      186.990581        0.000000        0.000007
   501      187.089281        0.000000      187.089281        0.000000        0.000007
   502      186.985368        0.000000      186.985368        0.000000        0.000006
   503      187.935023        0.000000      187.935023        0.000000        0.000005
   504      186.984036        0.000000      186.984036        0.000000        0.000006
   505      187.743635        0.000000      187.743635        0.000000        0.000005
   506      187.133845        0.000000      187.133845        0.000000        0.000006
   507      186.906761        0.000000      186.906761        0.000000        0.000007
   508      186.941729        0.000000      186.941729        0.000000        0.000007
   509      187.089735        0.000000      187.089735        0.000000        0.000006
   510      187.358653        0.000000      187.358653        0.000000        0.000005
   511      187.071883        0.000000      187.071883        0.000000        0.000007
   512      187.086464        0.000000      187.086464        0.000000        0.000006
   513      186.918922        0.000000      186.918922        0.000000        0.000005
   514      187.352410        0.000000      187.352410        0.000000        0.000008
   515      186.969647        0.000000      186.969647        0.000000        0.000007
   516      187.112834        0.000000      187.112834        0.000000        0.000007
   517      187.994809        0.000000      187.994809        0.000000        0.000006
   518      188.005451        0.000000      188.005451        0.000000        0.000006
   519      187.400120        0.000000      187.400120        0.000000        0.000004
   520      186.812891        0.000000      186.812891        0.000000        0.000006
   521      187.182637        0.000000      187.182637        0.000000        0.000005
   522      186.306809        0.162846      349.152929        0.000000        0.000012
   523      187.531486        0.000000      187.531486        0.000000        0.000005
   524      187.786202        0.000000      187.786202        0.000000        0.000008
   525      187.061993        0.000000      187.061993        0.000000        0.000007
   526      187.158997        0.321227      508.386010        0.000000        0.000013
   527      186.715885        0.000000      186.715885        0.000000        0.000006
   528      187.605159        0.000000      187.605159        0.000000        0.000006
   529      187.464680        0.000000      187.464680        0.000000        0.000007
   530      187.211457        0.000000      187.211457        0.000000        0.000007
   531      187.432236        0.000000      187.432236        0.000000        0.000005
   532      187.106876        0.073699      260.805504        0.000000        0.000011
   533      187.033495        0.000000      187.033495        0.000000        0.000008
   534      186.918529        0.000000      186.918529        0.000000        0.000009
   535      186.864527        0.000000      186.864527        0.000000        0.000008
   536      187.508438        0.000000      187.508438        0.000000        0.000005
   537      187.383405        0.000000      187.383405        0.000000        0.000007
   538      187.812321        0.000000      187.812321        0.000000        0.000007
   539      187.324808        0.000000      187.324808        0.000000        0.000006
   540      186.979874        0.000000      186.979874        0.000000        0.000009
   541      186.712721        0.000000      186.712721        0.000000        0.000009
   542      187.385877        0.000000      187.385877        0.000000        0.000007
   543      187.859326        0.000000      187.859326        0.000000        0.000006
   544      187.851903        0.000000      187.851903        0.000000        0.000005
   545      187.331660        0.000000      187.331660        0.000000        0.000007
   546      187.168448        0.000000      187.168448        0.000000        0.000008
   547      186.699760        0.000000      186.699760        0.000000        0.000010
   548      186.668292        0.000000      186.668292        0.000000        0.000009
   549      187.020717        0.000000      187.020717        0.000000        0.000006
   550      187.444014        0.000000      187.444014        0.000000        0.000006
   551      186.782054        0.000000      186.782054        0.000000        0.000008
   552      186.991804        0.000000      186.991804        0.000000        0.000006
   553      187.432436        0.000000      187.432436        0.000000        0.000005
   554      187.843571        0.000000      187.843571        0.000000        0.000007
   555      187.452085        0.000000      187.452085        0.000000        0.000005
   556      187.682096        0.000000      187.682096        0.000000        0.000006
   557      187.485471        0.000000      187.485471        0.000000        0.000008
   558      187.284627        0.000000      187.284627        0.000000        0.000007
   559      186.624338        0.000000      186.624338        0.000000        0.000006
   560      187.406959        0.000000      187.406959        0.000000        0.000007
   561      188.137514        0.000000      188.137514        0.000000        0.000003
   562      186.744733        0.000000      186.744733        0.000000        0.000004
   563      187.650578        0.000000      187.650578        0.000000        0.000008
   564      187.591429        0.000000      187.591429        0.000000        0.000006
   565      187.397634        0.000000      187.397634        0.000000        0.000008
   566      187.194675        0.000000      187.194675        0.000000        0.000005
   567      187.677102        0.000000      187.677102        0.000000        0.000006
   568      187.500100        0.000000      187.500100        0.000000        0.000006
   569      187.755840        0.000000      187.755840        0.000000        0.000006
   570      187.879421        0.000000      187.879421        0.000000        0.000006
   571      187.202112        0.000000      187.202112        0.000000        0.000008
   572      187.825895        0.000000      187.825895        0.000000        0.000007
   573      187.716733        0.000000      187.716733        0.000000        0.000005
   574      187.243595        0.000000      187.243595        0.000000        0.000006
   575      186.837741        0.000000      186.837741        0.000000        0.000008
   576      187.050822        0.000000      187.050822        0.000000        0.000008
   577      186.889608        0.000000      186.889608        0.000000        0.000008
   578      187.759673        0.000000      187.759673        0.000000        0.000006
   579      187.336987        0.000000      187.336987        0.000000        0.000008
   580      187.196661        0.000000      187.196661        0.000000        0.000006
   581      187.369081        0.000000      187.369081        0.000000        0.000006
   582      187.179327        0.000000      187.179327        0.000000        0.000007
   583      187.840640        0.000000      187.840640        0.000000        0.000007
   584      186.674603        0.000000      186.674603        0.000000        0.000007
   585      187.491521        0.000000      187.491521        0.000000        0.000008
   586      187.764534        0.000000      187.764534        0.000000        0.000005
   587      187.796665        0.000000      187.796665        0.000000        0.000006
   588      186.997743        0.000000      186.997743        0.000000        0.000007
   589      187.278890        0.000000      187.278890        0.000000        0.000005
   590      188.031071        0.000000      188.031071        0.000000        0.000005
   591      187.869506        0.000000      187.869506        0.000000        0.000007
   592      187.195926        0.000000      187.195926        0.000000        0.000006
   593      186.658583        0.000000      186.658583        0.000000        0.000006
   594      188.111643        0.000000      188.111643        0.000000        0.000004
   595      187.005432        0.000000      187.005432        0.000000        0.000009
   596      187.732608        0.000000      187.732608        0.000000        0.000005
   597      187.076007        0.000000      187.076007        0.000000        0.000005
   598      186.998804        0.000000      186.998804        0.000000        0.000006
   599      187.675934        0.000000      187.675934        0.000000        0.000006
   600      187.030958        0.000000      187.030958        0.000000        0.000006
   601      186.372821        0.000000      186.372821        0.000000        0.000005
   602      187.276299        0.000000      187.276299        0.000000        0.000006
   603      187.203952        0.000000      187.203952        0.000000        0.000010
   604      186.690069        0.000000      186.690069        0.000000        0.000006
   605      187.448273        0.000000      187.448273        0.000000        0.000007
   606      187.871517        0.000000      187.871517        0.000000        0.000006
   607      187.567642        0.000000      187.567642        0.000000        0.000007
   608      187.424026        0.000000      187.424026        0.000000        0.000008
   609      187.115992        0.000000      187.115992        0.000000        0.000006
   610      187.288833        0.000000      187.288833        0.000000        0.000007
   611      186.761331        0.000000      186.761331        0.000000        0.000008
   612      187.464805        0.000000      187.464805        0.000000        0.000008
   613      186.567136        0.000000      186.567136        0.000000        0.000005
   614      187.780168        0.000000      187.780168        0.000000        0.000007
   615      187.470750        0.000000      187.470750        0.000000        0.000009
   616      186.807676        0.000000      186.807676        0.000000        0.000007
   617      187.830426        0.000000      187.830426        0.000000        0.000005
   618      187.038925        0.000000      187.038925        0.000000        0.000007
   619      187.129978        0.000000      187.129978        0.000000        0.000006
   620      187.751906        0.000000      187.751906        0.000000        0.000008
   621      187.258572        0.000000      187.258572        0.000000        0.000005
   622      187.334488        0.000000      187.334488        0.000000        0.000005
   623      187.296881        0.000000      187.296881        0.000000        0.000010
   624      187.557474        0.000000      187.557474        0.000000        0.000006
   625      186.690348        0.000000      186.690348        0.000000        0.000008
   626      187.512276        0.000000      187.512276        0.000000        0.000008
   627      186.577191        0.000000      186.577191        0.000000        0.000008
   628      186.979050        0.000000      186.979050        0.000000        0.000007
   629      187.950659        0.000000      187.950659        0.000000        0.000008
   630      187.879543        0.000000      187.879543        0.000000        0.000005
   631      186.712203        0.000000      186.712203        0.000000        0.000009
   632      186.790268        0.000000      186.790268        0.000000        0.000007
   633      186.973612        0.000000      186.973612        0.000000        0.000005
   634      187.303895        0.000000      187.303895        0.000000        0.000005
   635      187.159815        0.000000      187.159815        0.000000        0.000006
   636      187.345788        0.000000      187.345788        0.000000        0.000006
   637      187.152895        0.000000      187.152895        0.000000        0.000006
   638      186.822346        0.152740      339.562427        0.000000        0.000012
   639      188.369319        0.000000      188.369319        0.000000        0.000004
   640      188.255360        0.000000      188.255360        0.000000        0.000005
   641      187.009265        0.000000      187.009265        0.000000        0.000007
   642      187.010288        0.000000      187.010288        0.000000        0.000006
   643      187.318813        0.000000      187.318813        0.000000        0.000009
   644      187.568415        0.000000      187.568415        0.000000        0.000007
   645      186.836404        0.000000      186.836404        0.000000        0.000004
   646      187.731538        0.000000      187.731538        0.000000        0.000008
   647      187.112868        0.000000      187.112868        0.000000        0.000008
   648      186.593024        0.000000      186.593024        0.000000        0.000006
   649      188.611094        0.000000      188.611094        0.000000        0.000003
   650      187.166602        0.012178      199.344119        0.000000        0.000010
   651      187.471192        0.000000      187.471192        0.000000        0.000006
   652      187.024248        0.000000      187.024248        0.000000        0.000007
   653      188.201079        0.000000      188.201079        0.000000        0.000004
   654      187.285542        0.000000      187.285542        0.000000        0.000008
   655      187.301954        0.000000      187.301954        0.000000        0.000009
   656      187.619858        0.000000      187.619858        0.000000        0.000006
   657      187.324489        0.000000      187.324489        0.000000        0.000007
   658      186.921408        0.000000      186.921408        0.000000        0.000006
   659      186.849452        0.000000      186.849452        0.000000        0.000005
   660      187.550458        0.000000      187.550458        0.000000        0.000008
   661      187.243505        0.000000      187.243505        0.000000        0.000007
   662      187.539081        0.000000      187.539081        0.000000        0.000006
   663      188.094572        0.000000      188.094572        0.000000        0.000005
   664      186.583516        0.000000      186.583516        0.000000        0.000007
   665      187.156987        0.000000      187.156987        0.000000        0.000005
   666      187.248861        0.000000      187.248861        0.000000        0.000006
   667      186.661004        0.000000      186.661004        0.000000        0.000008
   668      187.586891        0.000000      187.586891        0.000000        0.000005
   669      187.493019        0.000000      187.493019        0.000000        0.000004
   670      187.071712        0.000000      187.071712        0.000000        0.000005
   671      187.062804        0.000000      187.062804        0.000000        0.000009
   672      187.777979        0.000000      187.777979        0.000000        0.000007
   673      187.685653        0.000000      187.685653        0.000000        0.000004
   674      187.867851        0.000000      187.867851        0.000000        0.000006
   675      187.329682        0.000000      187.329682        0.000000        0.000005
   676      186.856577        0.000000      186.856577        0.000000        0.000008
   677      186.527951        0.000000      186.527951        0.000000        0.000009
   678      187.221966        0.000000      187.221966        0.000000        0.000010
   679      186.912219        0.000000      186.912219        0.000000        0.000006
   680      187.986326        0.000000      187.986326        0.000000        0.000007
   681      186.876678        0.000000      186.876678        0.000000        0.000008
   682      187.937592        0.000000      187.937592        0.000000        0.000005
   683      187.863888        0.000000      187.863888        0.000000        0.000005
   684      187.260605        0.000000      187.260605        0.000000        0.000005
   685      186.941319        0.000000      186.941319        0.000000        0.000008
   686      188.567210        0.000000      188.567210        0.000000        0.000006
   687      186.900443        0.000000      186.900443        0.000000        0.000008
   688      188.416667        0.001471      189.887874        0.000000        0.000010
   689      186.742804        0.000000      186.742804        0.000000        0.000008
   690      187.319509        0.000000      187.319509        0.000000        0.000004
   691      187.726868        0.000000      187.726868        0.000000        0.000008
   692      187.190799        0.000000      187.190799        0.000000        0.000006
   693      188.141875        0.000000      188.141875        0.000000        0.000009
   694      187.196217        0.000000      187.196217        0.000000        0.000008
   695      187.005735        0.000000      187.005735        0.000000        0.000007
   696      187.525843        0.000000      187.525843        0.000000        0.000005
   697      187.966313        0.000000      187.966313        0.000000        0.000009
   698      186.885969        0.000000      186.885969        0.000000        0.000006
   699      187.119097        0.000000      187.119097        0.000000        0.000007
   700      187.535244        0.000000      187.535244        0.000000        0.000009
   701      187.778297        0.000000      187.778297        0.000000        0.000008
   702      187.318784        0.000000      187.318784        0.000000        0.000006
   703      186.917871        0.000000      186.917871        0.000000        0.000005
   704      187.540896        0.000000      187.540896        0.000000        0.000007
   705      186.983313        0.000000      186.983313        0.000000        0.000007
   706      187.177897        0.000000      187.177897        0.000000        0.000004
   707      186.708108        0.000000      186.708108        0.000000        0.000007
   708      187.476742        0.000000      187.476742        0.000000        0.000006
   709      186.954427        0.000000      186.954427        0.000000        0.000007
   710      187.941399        0.000000      187.941399        0.000000        0.000006
   711      187.577122        0.000000      187.577122        0.000000        0.000005
   712      187.676993        0.000000      187.676993        0.000000        0.000004
   713      187.549546        0.000000      187.549546        0.000000        0.000005
   714      187.533384        0.000000      187.533384        0.000000        0.000006
   715      187.173349        0.000000      187.173349        0.000000        0.000008
   716      186.857083        0.000000      186.857083        0.000000        0.000006
   717      188.469208        0.000000      188.469208        0.000000        0.000005
   718      186.868084        0.000000      186.868084        0.000000        0.000006
   719      188.232185        0.000000      188.232185        0.000000        0.000005
   720      187.232667        0.000000      187.232667        0.000000        0.000007
   721      186.482638        0.000000      186.482638        0.000000        0.000008
   722      187.294195        0.000000      187.294195        0.000000        0.000006
   723      187.365404        0.000000      187.365404        0.000000        0.000005
   724      187.812474        0.000000      187.812474        0.000000        0.000006
   725      187.674721        0.000000      187.674721        0.000000        0.000004
   726      187.548761        0.000000      187.548761        0.000000        0.000005
   727      187.869522        0.000000      187.869522        0.000000        0.000005
   728      186.839888        0.000000      186.839888        0.000000        0.000007
   729      186.895593        0.000000      186.895593        0.000000        0.000006
   730      187.148136        0.000000      187.148136        0.000000        0.000008
   731      186.864359        0.000000      186.864359        0.000000        0.000009
   732      187.812407        0.000000      187.812407        0.000000        0.000005
   733      187.842685        0.000000      187.842685        0.000000        0.000006
   734      187.456072        0.000000      187.456072        0.000000        0.000006
   735      187.554078        0.000000      187.554078        0.000000        0.000005
   736      186.848059        0.000000      186.848059        0.000000        0.000008
   737      187.014582        0.000000      187.014582        0.000000        0.000010
   738      187.468068        0.000000      187.468068        0.000000        0.000007
   739      186.879930        0.000000      186.879930        0.000000        0.000006
   740      187.603769        0.000000      187.603769        0.000000        0.000005
   741      186.883492        0.000000      186.883492        0.000000        0.000007
   742      187.292067        0.000000      187.292067        0.000000        0.000008
   743      186.896897        0.000000      186.896897        0.000000        0.000008
   744      187.189866        0.077723      264.913052        0.000000        0.000011
   745      187.421399        0.000000      187.421399        0.000000        0.000005
   746      187.466893        0.000000      187.466893        0.000000        0.000007
   747      186.753317        0.000000      186.753317        0.000000        0.000007
   748      187.050252        0.000000      187.050252        0.000000        0.000006
   749      187.388818        0.000000      187.388818        0.000000        0.000008
   750      186.939430        0.000000      186.939430        0.000000        0.000005
   751      186.833352        0.000000      186.833352        0.000000        0.000007
   752      186.616438        0.000000      186.616438        0.000000        0.000006
   753      187.249984        0.000000      187.249984        0.000000        0.000008
   754      187.562622        0.000000      187.562622        0.000000        0.000008
   755      186.153807        0.000000      186.153807        0.000000        0.000009
   756      187.746924        0.000000      187.746924        0.000000        0.000006
   757      187.720118        0.000000      187.720118        0.000000        0.000006
   758      187.935683        0.000000      187.935683        0.000000        0.000006
   759      186.614468        0.000000      186.614468        0.000000        0.000007
   760      187.553043        0.000000      187.553043        0.000000        0.000008
   761      186.684182        0.000000      186.684182        0.000000        0.000005
   762      186.998723        0.000000      186.998723        0.000000        0.000010
   763      187.917839        0.000000      187.917839        0.000000        0.000006
   764      188.536718        0.000000      188.536718        0.000000        0.000004
   765      188.188078        0.000000      188.188078        0.000000        0.000004
   766      186.991154        0.000000      186.991154        0.000000        0.000006
   767      187.423444        0.000000      187.423444        0.000000        0.000005
   768      187.467583        0.000000      187.467583        0.000000        0.000006
   769      187.340734        0.000000      187.340734        0.000000        0.000005
   770      187.208697        0.000000      187.208697        0.000000        0.000005
   771      187.176093        0.000000      187.176093        0.000000        0.000007
   772      187.362683        0.000000      187.362683        0.000000        0.000005
   773      187.647309        0.000000      187.647309        0.000000        0.000005
   774      187.354425        0.000000      187.354425        0.000000        0.000008
   775      187.027330        0.000000      187.027330        0.000000        0.000007
   776      187.083058        0.000000      187.083058        0.000000        0.000005
   777      187.307619        0.000000      187.307619        0.000000        0.000006
   778      187.246661        0.000000      187.246661        0.000000        0.000008
   779      187.338355        0.000000      187.338355        0.000000        0.000005
   780      188.121774        0.000000      188.121774        0.000000        0.000007
   781      186.588520        0.000000      186.588520        0.000000        0.000007
   782      186.871316        0.000000      186.871316        0.000000        0.000009
   783      187.476415        0.000000      187.476415        0.000000        0.000006
   784      187.422541        0.000000      187.422541        0.000000        0.000007
   785      187.949339        0.000000      187.949339        0.000000        0.000005
   786      187.472473        0.000000      187.472473        0.000000        0.000009
   787      187.495663        0.000000      187.495663        0.000000        0.000005
   788      187.802640        0.000000      187.802640        0.000000        0.000007
   789      187.695377        0.000000      187.695377        0.000000        0.000007
   790      187.908612        0.000000      187.908612        0.000000        0.000007
   791      187.089506        0.000000      187.089506        0.000000        0.000004
   792      187.439344        0.000000      187.439344        0.000000        0.000005
   793      187.057762        0.000000      187.057762        0.000000        0.000006
   794      187.041665        0.000000      187.041665        0.000000        0.000010
   795      186.887936        0.000000      186.887936        0.000000        0.000006
   796      187.014046        0.000000      187.014046        0.000000        0.000007
   797      187.230019        0.000000      187.230019        0.000000        0.000007
   798      187.001466        0.000000      187.001466        0.000000        0.000009
   799      187.316280        0.000000      187.316280        0.000000        0.000005
   800      187.160512        0.000000      187.160512        0.000000        0.000009
   801      187.541459        0.000000      187.541459        0.000000        0.000006
   802      186.780240        0.000000      186.780240        0.000000        0.000005
   803      187.185431        0.000000      187.185431        0.000000        0.000008
   804      187.175032        0.000000      187.175032        0.000000        0.000007
   805      187.830307        0.000000      187.830307        0.000000        0.000004
   806      186.793767        0.000000      186.793767        0.000000        0.000009
   807      187.098797        0.000000      187.098797        0.000000        0.000010
   808      187.440310        0.000000      187.440310        0.000000        0.000005
   809      187.484694        0.000000      187.484694        0.000000        0.000006
   810      186.603238        0.000000      186.603238        0.000000        0.000007
   811      187.515411        0.000000      187.515411        0.000000        0.000007
   812      187.190746        0.000000      187.190746        0.000000        0.000007
   813      186.937388        0.000000      186.937388        0.000000        0.000007
   814      187.296209        0.000000      187.296209        0.000000        0.000010
   815      187.241699        0.000000      187.241699        0.000000        0.000009
   816      187.488909        0.000000      187.488909        0.000000        0.000007
   817      187.817329        0.000000      187.817329        0.000000        0.000006
   818      187.625126        0.000000      187.625126        0.000000        0.000006
   819      187.523304        0.000000      187.523304        0.000000        0.000004
   820      187.061322        0.000000      187.061322        0.000000        0.000010
   821      186.380366        0.174868      361.247961        0.000000        0.000012
   822      187.609560        0.000000      187.609560        0.000000        0.000006
   823      187.565433        0.000000      187.565433        0.000000        0.000007
   824      187.336037        0.000000      187.336037        0.000000        0.000006
   825      187.166664        0.000000      187.166664        0.000000        0.000008
   826      188.090289        0.000000      188.090289        0.000000        0.000004
   827      187.886160        0.000000      187.886160        0.000000        0.000007
   828      187.437480        0.000000      187.437480        0.000000        0.000007
   829      188.334253        0.000000      188.334253        0.000000        0.000003
   830      186.944067        0.003490      190.434365        0.000000        0.000010
   831      187.997993        0.000000      187.997993        0.000000        0.000005
   832      187.929394        0.000000      187.929394        0.000000        0.000006
   833      186.759313        0.000000      186.759313        0.000000        0.000007
   834      187.011571        0.000000      187.011571        0.000000        0.000005
   835      186.720598        0.000000      186.720598        0.000000        0.000006
   836      188.193932        0.000000      188.193932        0.000000        0.000005
   837      187.650286        0.000000      187.650286        0.000000        0.000007
   838      186.818130        0.000000      186.818130        0.000000        0.000006
   839      186.746935        0.000000      186.746935        0.000000        0.000006
   840      187.023986        0.000000      187.023986        0.000000        0.000009
   841      186.750096        0.000000      186.750096        0.000000        0.000007
   842      187.507501        0.000000      187.507501        0.000000        0.000005
   843      187.353711        0.000000      187.353711        0.000000        0.000008
   844      187.682370        0.000000      187.682370        0.000000        0.000005
   845      187.040230        0.000000      187.040230        0.000000        0.000005
   846      187.853783        0.000000      187.853783        0.000000        0.000006
   847      188.186929        0.000000      188.186929        0.000000        0.000007
   848      187.472022        0.000000      187.472022        0.000000        0.000005
   849      187.296642        0.011407      198.703663        0.000000        0.000010
   850      187.416270        0.000000      187.416270        0.000000        0.000006
   851      187.740154        0.000000      187.740154        0.000000        0.000004
   852      187.632605        0.000000      187.632605        0.000000        0.000007
   853      187.081597        0.000000      187.081597        0.000000        0.000005
   854      186.778502        0.000000      186.778502        0.000000        0.000005
   855      186.817391        0.000000      186.817391        0.000000        0.000006
   856      187.590857        0.000000      187.590857        0.000000        0.000007
   857      186.883831        0.157592      344.475756        0.000000        0.000012
   858      186.759411        0.000000      186.759411        0.000000        0.000007
   859      187.010428        0.000000      187.010428        0.000000        0.000006
   860      187.155095        0.000000      187.155095        0.000000        0.000006
   861      187.945207        0.000000      187.945207        0.000000        0.000008
   862      188.093943        0.000000      188.093943        0.000000        0.000005
   863      187.653717        0.000000      187.653717        0.000000        0.000007
   864      187.083750        0.000000      187.083750        0.000000        0.000007
   865      187.183466        0.000000      187.183466        0.000000        0.000006
   866      187.130675        0.000000      187.130675        0.000000        0.000007
   867      188.270099        0.000000      188.270099        0.000000        0.000008
   868      186.900962        0.000000      186.900962        0.000000        0.000007
   869      187.204822        0.000000      187.204822        0.000000        0.000006
   870      187.418716        0.000000      187.418716        0.000000        0.000006
   871      187.520743        0.000000      187.520743        0.000000        0.000006
   872      187.091907        0.000000      187.091907        0.000000        0.000009
   873      187.479410        0.000000      187.479410        0.000000        0.000006
   874      187.364832        0.000000      187.364832        0.000000        0.000008
   875      187.363662        0.000000      187.363662        0.000000        0.000010
   876      187.890639        0.000000      187.890639        0.000000        0.000006
   877      186.764168        0.000000      186.764168        0.000000        0.000006
   878      187.490083        0.000000      187.490083        0.000000        0.000006
   879      186.701644        0.000000      186.701644        0.000000        0.000005
   880      187.300695        0.000000      187.300695        0.000000        0.000006
   881      187.234452        0.000000      187.234452        0.000000        0.000006
   882      186.937104        0.000000      186.937104        0.000000        0.000006
   883      186.747147        0.000000      186.747147        0.000000        0.000008
   884      186.866860        0.000000      186.866860        0.000000        0.000008
   885      186.926675        0.000000      186.926675        0.000000        0.000008
   886      187.176621        0.000000      187.176621        0.000000        0.000008
   887      187.208799        0.000000      187.208799        0.000000        0.000008
   888      187.621665        0.000000      187.621665        0.000000        0.000005
   889      187.641155        0.087524      275.165186        0.000000        0.000011
   890      186.888016        0.000000      186.888016        0.000000        0.000008
   891      187.262745        0.000000      187.262745        0.000000        0.000008
   892      187.390750        0.000000      187.390750        0.000000        0.000005
   893      187.243389        0.236577      423.820104        0.000000        0.000012
   894      187.525181        0.000000      187.525181        0.000000        0.000005
   895      187.362791        0.000000      187.362791        0.000000        0.000006
   896      186.494917        0.000000      186.494917        0.000000        0.000008
   897      187.674789        0.000000      187.674789        0.000000        0.000008
   898      187.321672        0.000000      187.321672        0.000000        0.000008
   899      187.217450        0.000000      187.217450        0.000000        0.000007
   900      188.315444        0.000000      188.315444        0.000000        0.000004
   901      187.553003        0.000000      187.553003        0.000000        0.000006
   902      186.794652        0.000000      186.794652        0.000000        0.000005
   903      187.001550        0.000000      187.001550        0.000000        0.000007
   904      186.971575        0.000000      186.971575        0.000000        0.000010
   905      187.266958        0.000000      187.266958        0.000000        0.000005
   906      187.512430        0.000000      187.512430        0.000000        0.000005
   907      186.920985        0.000000      186.920985        0.000000        0.000006
   908      186.654313        0.000000      186.654313        0.000000        0.000005
   909      187.714121        0.000000      187.714121        0.000000        0.000005
   910      187.743547        0.000000      187.743547        0.000000        0.000007
   911      187.101373        0.000000      187.101373        0.000000        0.000008
   912      187.725964        0.000000      187.725964        0.000000        0.000006
   913      187.798913        0.000000      187.798913        0.000000        0.000006
   914      188.065844        0.000000      188.065844        0.000000        0.000005
   915      186.698059        0.000000      186.698059        0.000000        0.000006
   916      187.212847        0.000000      187.212847        0.000000        0.000008
   917      187.696266        0.000000      187.696266        0.000000        0.000005
   918      186.968536        0.000000      186.968536        0.000000        0.000008
   919      187.056135        0.000000      187.056135        0.000000        0.000008
   920      187.421278        0.000000      187.421278        0.000000        0.000006
   921      186.748132        0.000000      186.748132        0.000000        0.000005
   922      187.730448        0.000000      187.730448        0.000000        0.000004
   923      187.064647        0.000000      187.064647        0.000000        0.000006
   924      186.596784        0.000000      186.596784        0.000000        0.000007
   925      187.431127        0.000000      187.431127        0.000000        0.000004
   926      187.391763        0.000000      187.391763        0.000000        0.000008
   927      186.868692        0.000000      186.868692        0.000000        0.000008
   928      187.414445        0.000000      187.414445        0.000000        0.000006
   929      187.339510        0.000000      187.339510        0.000000        0.000004
   930      187.154570        0.000000      187.154570        0.000000        0.000005
   931      187.268343        0.000000      187.268343        0.000000        0.000007
   932      186.233783        0.380361      566.595136        0.000000        0.000014
   933      189.048292        0.018003      207.050996        0.000000        0.000005
   934      187.288613        0.000000      187.288613        0.000000        0.000007
   935      187.042979        0.000000      187.042979        0.000000        0.000005
   936      188.352716        0.000000      188.352716        0.000000        0.000004
   937      187.123249        0.000000      187.123249        0.000000        0.000007
   938      187.351764        0.000000      187.351764        0.000000        0.000005
   939      187.244659        0.000000      187.244659        0.000000        0.000007
   940      187.075023        0.000000      187.075023        0.000000        0.000007
   941      187.257646        0.000000      187.257646        0.000000        0.000005
   942      187.125717        0.000000      187.125717        0.000000        0.000005
   943      187.219173        0.000000      187.219173        0.000000        0.000010
   944      188.108073        0.000000      188.108073        0.000000        0.000005
   945      187.313369        0.000000      187.313369        0.000000        0.000008
   946      187.173075        0.000000      187.173075        0.000000        0.000008
   947      187.059964        0.000000      187.059964        0.000000        0.000007
   948      187.607480        0.000000      187.607480        0.000000        0.000006
   949      187.671480        0.095113      282.784005        0.000000        0.000011
   950      186.603565        0.000000      186.603565        0.000000        0.000007
   951      187.230727        0.000000      187.230727        0.000000        0.000007
   952      186.732296        0.000000      186.732296        0.000000        0.000008
   953      187.170513        0.000000      187.170513        0.000000        0.000005
   954      187.239840        0.000000      187.239840        0.000000        0.000006
   955      187.451210        0.000000      187.451210        0.000000        0.000006
   956      186.777766        0.000000      186.777766        0.000000        0.000008
   957      187.140930        0.000000      187.140930        0.000000        0.000007
   958      186.802374        0.000000      186.802374        0.000000        0.000006
   959      187.437031        0.000000      187.437031        0.000000        0.000007
   960      187.182441        0.000000      187.182441        0.000000        0.000008
   961      187.372859        0.000000      187.372859        0.000000        0.000008
   962      187.735544        0.000000      187.735544        0.000000        0.000005
   963      187.674340        0.000000      187.674340        0.000000        0.000004
   964      188.088810        0.000000      188.088810        0.000000        0.000009
   965      187.738799        0.000000      187.738799        0.000000        0.000006
   966      187.018763        0.150576      337.594776        0.000000        0.000012
   967      187.287228        0.000000      187.287228        0.000000        0.000006
   968      187.804766        0.000000      187.804766        0.000000        0.000008
   969      188.045653        0.000000      188.045653        0.000000        0.000005
   970      187.344125        0.000000      187.344125        0.000000        0.000006
   971      186.755517        0.000000      186.755517        0.000000        0.000007
   972      187.071223        0.000000      187.071223        0.000000        0.000007
   973      187.401752        0.000000      187.401752        0.000000        0.000007
   974      186.703313        0.000000      186.703313        0.000000        0.000007
   975      186.966275        0.000000      186.966275        0.000000        0.000008
   976      187.636908        0.000000      187.636908        0.000000        0.000005
   977      187.134474        0.000000      187.134474        0.000000        0.000007
   978      187.944504        0.000000      187.944504        0.000000        0.000006
   979      187.573212        0.000000      187.573212        0.000000        0.000005
   980      187.340300        0.000000      187.340300        0.000000        0.000005
   981      187.455417        0.000000      187.455417        0.000000        0.000006
   982      187.025217        0.000000      187.025217        0.000000        0.000009
   983      187.609499        0.000000      187.609499        0.000000        0.000006
   984      187.301520        0.000000      187.301520        0.000000        0.000006
   985      187.289116        0.000000      187.289116        0.000000        0.000007
   986      187.697499        0.000000      187.697499        0.000000        0.000006
   987      187.095255        0.000000      187.095255        0.000000        0.000005
   988      186.745230        0.000000      186.745230        0.000000        0.000007
   989      186.791613        0.000000      186.791613        0.000000        0.000008
   990      186.883091        0.000000      186.883091        0.000000        0.000006
   991      187.185794        0.000000      187.185794        0.000000        0.000007
   992      187.107215        0.000000      187.107215        0.000000        0.000006
   993      187.007792        0.000000      187.007792        0.000000        0.000007
   994      187.040809        0.000000      187.040809        0.000000        0.000006
   995      187.338729        0.000000      187.338729        0.000000        0.000009
   996      187.933138        0.000000      187.933138        0.000000        0.000005
   997      186.902995        0.000000      186.902995        0.000000        0.000006
   998      186.382083        0.000000      186.382083        0.000000        0.000009
   999      187.604794        0.000000      187.604794        0.000000        0.000006
  1000      186.090129        0.000000      186.090129        0.000000        0.000006
