     1      188.767466        0.000000      188.767466        0.000000        0.000006
     2      189.017316        0.000000      189.017316        0.000000        0.000005
     3      189.881237        0.000000      189.881237        0.000000        0.000007
     4      188.582116        0.000000      188.582116        0.000000        0.000009
     5      188.862332        0.000000      188.862332        0.000000        0.000007
     6      188.791842        0.000000      188.791842        0.000000        0.000004
     7      189.497979        0.000000      189.497979        0.000000        0.000005
     8      189.872844        0.000000      189.872844        0.000000        0.000005
     9      188.900388        0.000000      188.900388        0.000000        0.000005
    10      189.638671        0.000000      189.638671        0.000000        0.000005
    11      188.407153        0.000000      188.407153        0.000000        0.000005
    12      189.208996        0.000000      189.208996        0.000000        0.000006
    13      189.895883        0.000000      189.895883        0.000000        0.000007
    14      188.964736        0.000000      188.964736        0.000000        0.000007
    15      189.720622        0.000000      189.720622        0.000000        0.000007
    16      189.423203        0.000000      189.423203        0.000000        0.000005
    17      189.167632        0.000000      189.167632        0.000000        0.000005
    18      189.585114        0.000000      189.585114        0.000000        0.000006
    19      188.043257        0.014938      202.980964        0.000000        0.000010
    20      189.441011        0.000000      189.441011        0.000000        0.000004
    21      189.414133        0.000000      189.414133        0.000000        0.000006
    22      189.214190        0.000000      189.214190        0.000000        0.000006
    23      189.638117        0.000000      189.638117        0.000000        0.000004
    24      189.970925        0.000000      189.970925        0.000000        0.000004
    25      190.924250        0.000000      190.924250        0.000000        0.000004
    26      189.267675        0.000000      189.267675        0.000000        0.000006
    27      189.790583        0.000000      189.790583        0.000000        0.000006
    28      189.621532        0.000000      189.621532        0.000000        0.000006
    29      188.918452        0.000000      188.918452        0.000000        0.000005
    30      189.862429        0.000000      189.862429        0.000000        0.000005
    31      189.991009        0.000000      189.991009        0.000000        0.000005
    32      189.542600        0.000000      189.542600        0.000000        0.000005
    33      189.908071        0.000000      189.908071        0.000000        0.000003
    34      189.396428        0.000000      189.396428        0.000000        0.000007
    35      188.055200        0.000000      188.055200        0.000000        0.000007
    36      188.317015        0.000000      188.317015        0.000000        0.000006
    37      188.561308        0.000000      188.561308        0.000000        0.000007
    38      189.803734        0.000000      189.803734        0.000000        0.000005
    39      188.639273        0.000000      188.639273        0.000000        0.000006
    40      188.410906        0.000000      188.410906        0.000000        0.000006
    41      189.596372        0.000000      189.596372        0.000000        0.000004
    42      188.832902        0.000000      188.832902        0.000000        0.000007
    43      189.612479        0.000000      189.612479        0.000000        0.000005
    44      190.080878        0.000000      190.080878        0.000000        0.000007
    45      189.319983        0.000000      189.319983        0.000000        0.000005
    46      188.905074        0.000000      188.905074        0.000000        0.000004
    47      189.222167        0.000000      189.222167        0.000000        0.000006
    48      189.429719        0.000000      189.429719        0.000000        0.000006
    49      190.009031        0.000000      190.009031        0.000000        0.000004
    50      189.074191        0.000000      189.074191        0.000000        0.000005
    51      188.815578        0.000000      188.815578        0.000000        0.000006
    52      189.532033        0.000000      189.532033        0.000000        0.000007
    53      189.127879        0.000000      189.127879        0.000000        0.000005
    54      188.996065        0.000000      188.996065        0.000000        0.000009
    55      188.198485        0.000000      188.198485        0.000000        0.000007
    56      189.009423        0.000000      189.009423        0.000000        0.000006
    57      189.364398        0.000000      189.364398        0.000000        0.000004
    58      189.049997        0.000000      189.049997        0.000000        0.000009
    59      189.174935        0.000000      189.174935        0.000000        0.000007
    60      189.312908        0.000000      189.312908        0.000000        0.000005
    61      188.615538        0.000000      188.615538        0.000000        0.000008
    62      188.269992        0.000000      188.269992        0.000000        0.000006
    63      188.541321        0.000000      188.541321        0.000000        0.000006
    64      189.648910        0.000000      189.648910        0.000000        0.000004
    65      188.889764        0.000000      188.889764        0.000000        0.000009
    66      189.598218        0.000000      189.598218        0.000000        0.000003
    67      188.333897        0.000000      188.333897        0.000000        0.000009
    68      189.165081        0.151429      340.594057        0.000000        0.000012
    69      190.002806        0.000000      190.002806        0.000000        0.000005
    70      189.365299        0.000000      189.365299        0.000000        0.000004
    71      189.493046        0.000000      189.493046        0.000000        0.000005
    72      188.761186        0.000000      188.761186        0.000000        0.000007
    73      188.086387        0.314589      502.675147        0.000000        0.000013
    74      189.092813        0.000000      189.092813        0.000000        0.000008
    75      189.791337        0.000000      189.791337        0.000000        0.000005
    76      188.416390        0.000000      188.416390        0.000000        0.000006
    77      190.245677        0.000000      190.245677        0.000000        0.000003
    78      190.403248        0.000000      190.403248        0.000000        0.000003
    79      189.965670        0.000000      189.965670        0.000000        0.000004
    80      189.187299        0.000000      189.187299        0.000000        0.000004
    81      189.427950        0.000000      189.427950        0.000000        0.000006
    82      188.773349        0.000000      188.773349        0.000000        0.000008
    83      188.652084        0.000000      188.652084        0.000000        0.000006
    84      189.142669        0.000000      189.142669        0.000000        0.000004
    85      189.629366        0.000000      189.629366        0.000000        0.000005
    86      189.348811        0.000000      189.348811        0.000000        0.000004
    87      189.966903        0.000000      189.966903        0.000000        0.000005
    88      189.193648        0.000000      189.193648        0.000000        0.000006
    89      188.948173        0.000000      188.948173        0.000000        0.000005
    90      188.671578        0.000000      188.671578        0.000000        0.000007
    91      188.899070        0.000000      188.899070        0.000000        0.000007
    92      189.610930        0.000000      189.610930        0.000000        0.000007
    93      189.788279        0.000000      189.788279        0.000000        0.000006
    94      190.549215        0.000000      190.549215        0.000000        0.000005
    95      188.893718        0.000000      188.893718        0.000000        0.000006
    96      188.675919        0.000000      188.675919        0.000000        0.000007
    97      188.963862        0.000000      188.963862        0.000000        0.000006
    98      189.499242        0.000000      189.499242        0.000000        0.000005
    99      188.904571        0.000000      188.904571        0.000000        0.000005
   100      189.044251        0.000000      189.044251        0.000000        0.000009
   101      189.211970        0.000000      189.211970        0.000000        0.000005
   102      189.816410        0.000000      189.816410        0.000000        0.000003
   103      190.462049        0.000000      190.462049        0.000000        0.000004
   104      188.049686        0.000000      188.049686        0.000000        0.000008
   105      189.683467        0.000000      189.683467        0.000000        0.000004
   106      190.599899        0.000000      190.599899        0.000000        0.000004
   107      189.011871        0.000000      189.011871        0.000000        0.000005
   108      189.745164        0.000000      189.745164        0.000000        0.000007
   109      188.820450        0.000000      188.820450        0.000000        0.000006
   110      189.026412        0.000000      189.026412        0.000000        0.000004
   111      189.217018        0.000000      189.217018        0.000000        0.000004
   112      188.653117        0.032461      221.114407        0.000000        0.000010
   113      189.698682        0.000000      189.698682        0.000000        0.000003
   114      188.118379        0.000000      188.118379        0.000000        0.000009
   115      190.763780        0.000000      190.763780        0.000000        0.000005
   116      190.425347        0.000000      190.425347        0.000000        0.000005
   117      189.993024        0.000000      189.993024        0.000000        0.000006
   118      189.869791        0.000000      189.869791        0.000000        0.000003
   119      189.273279        0.000000      189.273279        0.000000        0.000007
   120      188.891074        0.000000      188.891074        0.000000        0.000004
   121      189.253635        0.000000      189.253635        0.000000        0.000006
   122      190.577190        0.000000      190.577190        0.000000        0.000004
   123      189.393016        0.000000      189.393016        0.000000        0.000007
   124      189.243947        0.000000      189.243947        0.000000        0.000004
   125      190.624915        0.000000      190.624915        0.000000        0.000004
   126      189.373355        0.000000      189.373355        0.000000        0.000006
   127      189.066917        0.000000      189.066917        0.000000        0.000006
   128      189.427089        0.000000      189.427089        0.000000        0.000007
   129      189.087443        0.094372      283.459136        0.000000        0.000011
   130      189.352517        0.000000      189.352517        0.000000        0.000006
   131      189.899867        0.000000      189.899867        0.000000        0.000007
   132      189.888206        0.000000      189.888206        0.000000        0.000004
   133      189.058064        0.000000      189.058064        0.000000        0.000007
   134      189.554850        0.000000      189.554850        0.000000        0.000006
   135      189.238473        0.000000      189.238473        0.000000        0.000006
   136      188.453577        0.000000      188.453577        0.000000        0.000007
   137      187.805195        0.000000      187.805195        0.000000        0.000009
   138      189.152199        0.000000      189.152199        0.000000        0.000008
   139      189.846818        0.000000      189.846818        0.000000        0.000004
   140      188.439265        0.000000      188.439265        0.000000        0.000007
   141      189.379620        0.000000      189.379620        0.000000        0.000004
   142      189.337675        0.000000      189.337675        0.000000        0.000007
   143      188.799375        0.000000      188.799375        0.000000        0.000006
   144      189.872875        0.000000      189.872875        0.000000        0.000006
   145      189.168358        0.000000      189.168358        0.000000        0.000007
   146      188.960015        0.000000      188.960015        0.000000        0.000005
   147      189.136514        0.435724      624.860152        0.000000        0.000014
   148      189.735628        0.000000      189.735628        0.000000        0.000007
   149      189.153629        0.000000      189.153629        0.000000        0.000005
   150      188.224642        0.021079      209.303645        0.000000        0.000010
   151      189.071991        0.000000      189.071991        0.000000        0.000007
   152      189.084180        0.000000      189.084180        0.000000        0.000007
   153      188.563524        0.000000      188.563524        0.000000        0.000009
   154      189.747794        0.000000      189.747794        0.000000        0.000004
   155      189.704172        0.000000      189.704172        0.000000        0.000004
   156      189.544765        0.000000      189.544765        0.000000        0.000007
   157      189.040596        0.000000      189.040596        0.000000        0.000008
   158      189.827539        0.000000      189.827539        0.000000        0.000003
   159      190.208117        0.000000      190.208117        0.000000        0.000004
   160      190.787132        0.000000      190.787132        0.000000        0.000004
   161      189.458965        0.000000      189.458965        0.000000        0.000007
   162      188.746042        0.000000      188.746042        0.000000        0.000007
   163      188.587299        0.000000      188.587299        0.000000        0.000006
   164      188.926849        0.000000      188.926849        0.000000        0.000006
   165      188.502354        0.156668      345.169957        0.000000        0.000012
   166      189.112689        0.000000      189.112689        0.000000        0.000005
   167      189.456162        0.000000      189.456162        0.000000        0.000006
   168      189.593495        0.000000      189.593495        0.000000        0.000005
   169      190.061798        0.000000      190.061798        0.000000        0.000003
   170      189.717654        0.000000      189.717654        0.000000        0.000005
   171      189.545207        0.000000      189.545207        0.000000        0.000008
   172      188.585628        0.000000      188.585628        0.000000        0.000009
   173      188.895656        0.000000      188.895656        0.000000        0.000006
   174      189.336720        0.000000      189.336720        0.000000        0.000005
   175      189.477700        0.000000      189.477700        0.000000        0.000005
   176      189.115294        0.011411      200.526683        0.000000        0.000010
   177      189.797448        0.000000      189.797448        0.000000        0.000007
   178      189.675318        0.000000      189.675318        0.000000        0.000003
   179      189.596101        0.000000      189.596101        0.000000        0.000004
   180      188.632366        0.000000      188.632366        0.000000        0.000006
   181      189.041832        0.000000      189.041832        0.000000        0.000004
   182      189.013012        0.000000      189.013012        0.000000        0.000006
   183      188.409554        0.000000      188.409554        0.000000        0.000006
   184      189.082076        0.000000      189.082076        0.000000        0.000006
   185      188.893726        0.000000      188.893726        0.000000        0.000006
   186      189.539940        0.000000      189.539940        0.000000        0.000005
   187      189.711638        0.000000      189.711638        0.000000        0.000005
   188      188.573577        0.000000      188.573577        0.000000        0.000007
   189      188.496307        0.000000      188.496307        0.000000        0.000006
   190      189.427101        0.000000      189.427101        0.000000        0.000005
   191      189.097961        0.000000      189.097961        0.000000        0.000004
   192      189.351569        0.000000      189.351569        0.000000        0.000004
   193      189.168954        0.000000      189.168954        0.000000        0.000004
   194      189.403419        0.000000      189.403419        0.000000        0.000004
   195      189.739299        0.000000      189.739299        0.000000        0.000009
   196      189.259385        0.000000      189.259385        0.000000        0.000006
   197      189.757576        0.000000      189.757576        0.000000        0.000005
   198      189.284608        0.000000      189.284608        0.000000        0.000004
   199      188.448875        0.000000      188.448875        0.000000        0.000008
   200      188.784548        0.000000      188.784548        0.000000        0.000006
   201      191.050877        0.000000      191.050877        0.000000        0.000007
   202      189.311812        0.000000      189.311812        0.000000        0.000005
   203      189.657334        0.000000      189.657334        0.000000        0.000007
   204      190.168455        0.000000      190.168455        0.000000        0.000004
   205      188.637891        0.000000      188.637891        0.000000        0.000004
   206      188.905552        0.000000      188.905552        0.000000        0.000006
   207      189.597307        0.000000      189.597307        0.000000        0.000004
   208      189.425081        0.000000      189.425081        0.000000        0.000006
   209      189.556363        0.000000      189.556363        0.000000        0.000006
   210      189.869831        0.000000      189.869831        0.000000        0.000006
   211      188.819135        0.000000      188.819135        0.000000        0.000006
   212      188.263833        0.000000      188.263833        0.000000        0.000008
   213      189.455728        0.000000      189.455728        0.000000        0.000004
   214      188.317624        0.000000      188.317624        0.000000        0.000009
   215      189.480002        0.000000      189.480002        0.000000        0.000006
   216      189.971673        0.000000      189.971673        0.000000        0.000005
   217      189.078480        0.000000      189.078480        0.000000        0.000006
   218      189.767714        0.000000      189.767714        0.000000        0.000007
   219      188.497443        0.000000      188.497443        0.000000        0.000007
   220      188.720500        0.000000      188.720500        0.000000        0.000010
   221      189.191869        0.000000      189.191869        0.000000        0.000007
   222      188.930193        0.000000      188.930193        0.000000        0.000005
   223      189.508191        0.000000      189.508191        0.000000        0.000004
   224      189.317221        0.000000      189.317221        0.000000        0.000003
   225      188.071512        0.000000      188.071512        0.000000        0.000008
   226      188.566440        0.000000      188.566440        0.000000        0.000006
   227      189.490163        0.000000      189.490163        0.000000        0.000005
   228      188.972074        0.000000      188.972074        0.000000        0.000007
   229      189.664615        0.000000      189.664615        0.000000        0.000004
   230      188.462356        0.000000      188.462356        0.000000        0.000009
   231      189.167389        0.000000      189.167389        0.000000        0.000005
   232      188.189856        0.000000      188.189856        0.000000        0.000007
   233      189.583476        0.000000      189.583476        0.000000        0.000005
   234      188.909979        0.000000      188.909979        0.000000        0.000005
   235      189.865333        0.000000      189.865333        0.000000        0.000004
   236      189.611286        0.000000      189.611286        0.000000        0.000003
   237      189.115408        0.000000      189.115408        0.000000        0.000006
   238      188.818777        0.000000      188.818777        0.000000        0.000007
   239      189.106075        0.000000      189.106075        0.000000        0.000005
   240      189.103802        0.000000      189.103802        0.000000        0.000007
   241      189.396353        0.000000      189.396353        0.000000        0.000006
   242      189.368023        0.000000      189.368023        0.000000        0.000003
   243      189.809292        0.000000      189.809292        0.000000        0.000008
   244      189.743767        0.000000      189.743767        0.000000        0.000005
   245      188.768059        0.000000      188.768059        0.000000        0.000005
   246      189.167662        0.000000      189.167662        0.000000        0.000008
   247      190.314712        0.000000      190.314712        0.000000        0.000004
   248      188.398155        0.000000      188.398155        0.000000        0.000009
   249      189.010586        0.000000      189.010586        0.000000        0.000006
   250      189.242416        0.000000      189.242416        0.000000        0.000008
   251      189.233633        0.000000      189.233633        0.000000        0.000003
   252      189.208568        0.000000      189.208568        0.000000        0.000004
   253      190.173673        0.000000      190.173673        0.000000        0.000005
   254      189.255602        0.000000      189.255602        0.000000        0.000003
   255      188.723180        0.000000      188.723180        0.000000        0.000007
   256      189.851624        0.000000      189.851624        0.000000        0.000004
   257      189.792174        0.000000      189.792174        0.000000        0.000004
   258      190.790776        0.000000      190.790776        0.000000        0.000004
   259      189.541154        0.000000      189.541154        0.000000        0.000003
   260      189.476440        0.000000      189.476440        0.000000        0.000008
   261      188.755949        0.000000      188.755949        0.000000        0.000004
   262      188.360394        0.000000      188.360394        0.000000        0.000009
   263      189.183817        0.000000      189.183817        0.000000        0.000008
   264      189.288337        0.000000      189.288337        0.000000        0.000010
   265      189.528055        0.000000      189.528055        0.000000        0.000005
   266      188.721084        0.000000      188.721084        0.000000        0.000008
   267      189.419593        0.000000      189.419593        0.000000        0.000004
   268      189.526349        0.000000      189.526349        0.000000        0.000006
   269      189.441360        0.000000      189.441360        0.000000        0.000008
   270      188.993763        0.000000      188.993763        0.000000        0.000005
   271      189.127744        0.000000      189.127744        0.000000        0.000010
   272      189.650192        0.000000      189.650192        0.000000        0.000004
   273      189.302901        0.000000      189.302901        0.000000        0.000008
   274      189.483202        0.000000      189.483202        0.000000        0.000006
   275      189.519923        0.000000      189.519923        0.000000        0.000006
   276      188.917474        0.000000      188.917474        0.000000        0.000007
   277      188.809157        0.000000      188.809157        0.000000        0.000006
   278      189.729877        0.000000      189.729877        0.000000        0.000005
   279      189.059044        0.000000      189.059044        0.000000        0.000005
   280      188.605662        0.000000      188.605662        0.000000        0.000007
   281      189.651396        0.000000      189.651396        0.000000        0.000004
   282      189.733824        0.000000      189.733824        0.000000        0.000004
   283      188.867433        0.000000      188.867433        0.000000        0.000006
   284      189.127423        0.000000      189.127423        0.000000        0.000004
   285      189.037076        0.000000      189.037076        0.000000        0.000005
   286      189.183498        0.000000      189.183498        0.000000        0.000006
   287      189.773759        0.000000      189.773759        0.000000        0.000005
   288      189.029608        0.000000      189.029608        0.000000        0.000006
   289      188.703390        0.000000      188.703390        0.000000        0.000008
   290      189.000505        0.000000      189.000505        0.000000        0.000004
   291      189.347320        0.000000      189.347320        0.000000        0.000004
   292      188.636805        0.040972      229.608400        0.000000        0.000010
   293      189.638213        0.000000      189.638213        0.000000        0.000008
   294      188.536859        0.000000      188.536859        0.000000        0.000009
   295      188.412210        0.000000      188.412210        0.000000        0.000007
   296      189.518136        0.000000      189.518136        0.000000        0.000007
   297      189.900672        0.000000      189.900672        0.000000        0.000004
   298      189.038493        0.000000      189.038493        0.000000        0.000007
   299      189.203908        0.000000      189.203908        0.000000        0.000004
   300      190.478018        0.000000      190.478018        0.000000        0.000004
   301      189.165645        0.000000      189.165645        0.000000        0.000004
   302      189.364466        0.000000      189.364466        0.000000        0.000006
   303      188.646963        0.000000      188.646963        0.000000        0.000009
   304      188.803150        0.000000      188.803150        0.000000        0.000006
   305      189.452664        0.000000      189.452664        0.000000        0.000004
   306      189.703919        0.000000      189.703919        0.000000        0.000005
   307      189.322632        0.000000      189.322632        0.000000        0.000005
   308      188.739566        0.000000      188.739566        0.000000        0.000006
   309      190.390484        0.000000      190.390484        0.000000        0.000006
   310      189.748317        0.000000      189.748317        0.000000        0.000004
   311      189.772993        0.000000      189.772993        0.000000        0.000005
   312      187.979891        0.000000      187.979891        0.000000        0.000008
   313      189.014056        0.000000      189.014056        0.000000        0.000007
   314      190.433436        0.000000      190.433436        0.000000        0.000003
   315      189.118470        0.000000      189.118470        0.000000        0.000005
   316      188.645940        0.199158      387.804368        0.000000        0.000012
   317      189.452440        0.000000      189.452440        0.000000        0.000004
   318      189.495181        0.000000      189.495181        0.000000        0.000003
   319      189.197244        0.000000      189.197244        0.000000        0.000007
   320      188.353954        0.061350      249.703770        0.000000        0.000011
   321      189.532158        0.000000      189.532158        0.000000        0.000007
   322      189.170469        0.000000      189.170469        0.000000        0.000005
   323      188.444343        0.000000      188.444343        0.000000        0.000009
   324      189.127865        0.000000      189.127865        0.000000        0.000006
   325      190.246655        0.000000      190.246655        0.000000        0.000005
   326      188.455907        0.000000      188.455907        0.000000        0.000008
   327      188.695687        0.000000      188.695687        0.000000        0.000006
   328      189.145401        0.000000      189.145401        0.000000        0.000007
   329      189.337866        0.000000      189.337866        0.000000        0.000004
   330      188.765031        0.000000      188.765031        0.000000        0.000005
   331      188.622342        0.000000      188.622342        0.000000        0.000009
   332      188.542430        0.000000      188.542430        0.000000        0.000008
   333      189.509655        0.000000      189.509655        0.000000        0.000006
   334      188.498324        0.000000      188.498324        0.000000        0.000007
   335      189.460305        0.000000      189.460305        0.000000        0.000008
   336      189.523499        0.000000      189.523499        0.000000        0.000005
   337      189.122246        0.000000      189.122246        0.000000        0.000005
   338      189.257934        0.000000      189.257934        0.000000        0.000004
   339      190.147482        0.000000      190.147482        0.000000        0.000004
   340      188.572940        0.122023      310.596229        0.000000        0.000011
   341      189.401784        0.000000      189.401784        0.000000        0.000006
   342      189.088810        0.000000      189.088810        0.000000        0.000006
   343      189.105215        0.000000      189.105215        0.000000        0.000006
   344      188.850095        0.000000      188.850095        0.000000        0.000009
   345      188.925089        0.000000      188.925089        0.000000        0.000008
   346      188.509147        0.000000      188.509147        0.000000        0.000005
   347      189.135002        0.000000      189.135002        0.000000        0.000007
   348      189.729967        0.000000      189.729967        0.000000        0.000005
   349      189.434665        0.000000      189.434665        0.000000        0.000006
   350      188.837663        0.000000      188.837663        0.000000        0.000007
   351      188.190927        0.000000      188.190927        0.000000        0.000008
   352      190.291833        0.000000      190.291833        0.000000        0.000005
   353      190.183740        0.000000      190.183740        0.000000        0.000003
   354      188.546610        0.000000      188.546610        0.000000        0.000008
   355      189.768483        0.000000      189.768483        0.000000        0.000003
   356      188.884775        0.000000      188.884775        0.000000        0.000005
   357      188.780315        0.000000      188.780315        0.000000        0.000004
   358      189.499921        0.000000      189.499921        0.000000        0.000006
   359      188.724253        0.000000      188.724253        0.000000        0.000005
   360      189.492073        0.000000      189.492073        0.000000        0.000007
   361      189.450107        0.000000      189.450107        0.000000        0.000006
   362      188.263060        0.000000      188.263060        0.000000        0.000006
   363      189.193702        0.000000      189.193702        0.000000        0.000004
   364      189.138150        0.000000      189.138150        0.000000        0.000005
   365      189.167544        0.000000      189.167544        0.000000        0.000009
   366      189.716903        0.000000      189.716903        0.000000        0.000005
   367      188.695610        0.000000      188.695610        0.000000        0.000006
   368      189.269945        0.000000      189.269945        0.000000        0.000007
   369      190.144609        0.000000      190.144609        0.000000        0.000004
   370      188.915210        0.000000      188.915210        0.000000        0.000007
   371      188.270924        0.000000      188.270924        0.000000        0.000006
   372      188.919114        0.000000      188.919114        0.000000        0.000006
   373      189.137679        0.000000      189.137679        0.000000        0.000007
   374      190.488012        0.000000      190.488012        0.000000        0.000004
   375      188.824841        0.000000      188.824841        0.000000        0.000009
   376      189.458336        0.000000      189.458336        0.000000        0.000010
   377      189.476982        0.000000      189.476982        0.000000        0.000005
   378      189.318888        0.000000      189.318888        0.000000        0.000006
   379      189.307253        0.000000      189.307253        0.000000        0.000006
   380      189.201102        0.000000      189.201102        0.000000        0.000005
   381      189.624288        0.000000      189.624288        0.000000        0.000002
   382      189.241251        0.000000      189.241251        0.000000        0.000003
   383      188.690397        0.159529      348.218945        0.000000        0.000012
   384      189.396758        0.000000      189.396758        0.000000        0.000006
   385      189.095119        0.000000      189.095119        0.000000        0.000008
   386      189.408661        0.000000      189.408661        0.000000        0.000004
   387      188.758188        0.000000      188.758188        0.000000        0.000006
   388      189.835328        0.000000      189.835328        0.000000        0.000008
   389      188.948618        0.000000      188.948618        0.000000        0.000007
   390      188.513663        0.000000      188.513663        0.000000        0.000006
   391      189.717155        0.000000      189.717155        0.000000        0.000003
   392      190.069512        0.000000      190.069512        0.000000        0.000004
   393      189.412154        0.000000      189.412154        0.000000        0.000007
   394      188.710673        0.000000      188.710673        0.000000        0.000008
   395      188.979281        0.000000      188.979281        0.000000        0.000006
   396      189.842474        0.000000      189.842474        0.000000        0.000008
   397      188.054567        0.000000      188.054567        0.000000        0.000008
   398      188.894465        0.000000      188.894465        0.000000        0.000008
   399      189.306843        0.000000      189.306843        0.000000        0.000006
   400      189.569789        0.000000      189.569789        0.000000        0.000005
   401      189.840572        0.000000      189.840572        0.000000        0.000006
   402      188.528844        0.000000      188.528844        0.000000        0.000007
   403      188.070188        0.000000      188.070188        0.000000        0.000007
   404      188.240301        0.000000      188.240301        0.000000        0.000009
   405      189.365695        0.000000      189.365695        0.000000        0.000010
   406      189.125759        0.000000      189.125759        0.000000        0.000006
   407      189.046047        0.000000      189.046047        0.000000        0.000004
   408      189.274494        0.000000      189.274494        0.000000        0.000004
   409      189.505134        0.000000      189.505134        0.000000        0.000006
   410      189.164715        0.000000      189.164715        0.000000        0.000008
   411      189.855986        0.000000      189.855986        0.000000        0.000004
   412      188.839545        0.000000      188.839545        0.000000        0.000005
   413      189.916389        0.000000      189.916389        0.000000        0.000006
   414      188.942779        0.000000      188.942779        0.000000        0.000006
   415      189.623943        0.000000      189.623943        0.000000        0.000005
   416      189.071361        0.000000      189.071361        0.000000        0.000005
   417      189.097476        0.000000      189.097476        0.000000        0.000006
   418      189.051856        0.000000      189.051856        0.000000        0.000006
   419      188.684646        0.000000      188.684646        0.000000        0.000007
   420      189.115491        0.000000      189.115491        0.000000        0.000005
   421      189.843158        0.000000      189.843158        0.000000        0.000004
   422      189.116445        0.000000      189.116445        0.000000        0.000007
   423      188.817825        0.000000      188.817825        0.000000        0.000006
   424      189.632356        0.000000      189.632356        0.000000        0.000004
   425      189.906101        0.000000      189.906101        0.000000        0.000005
   426      189.725204        0.000000      189.725204        0.000000        0.000004
   427      188.855720        0.000000      188.855720        0.000000        0.000008
   428      188.678176        0.000000      188.678176        0.000000        0.000008
   429      189.680307        0.000000      189.680307        0.000000        0.000003
   430      189.900579        0.000000      189.900579        0.000000        0.000005
   431      189.038552        0.000000      189.038552        0.000000        0.000010
   432      189.258851        0.000000      189.258851        0.000000        0.000007
   433      189.098540        0.000000      189.098540        0.000000        0.000007
   434      189.605625        0.000000      189.605625        0.000000        0.000006
   435      189.365990        0.000000      189.365990        0.000000        0.000004
   436      188.752385        0.000000      188.752385        0.000000        0.000004
   437      189.121892        0.000000      189.121892        0.000000        0.000004
   438      188.605153        0.587522      776.127574        0.000000        0.000016
   439      190.145115        0.000000      190.145115        0.000000        0.000006
   440      189.255901        0.000000      189.255901        0.000000        0.000006
   441      189.107814        0.000000      189.107814        0.000000        0.000008
   442      188.085245        0.000000      188.085245        0.000000        0.000006
   443      189.622581        0.000000      189.622581        0.000000        0.000009
   444      189.658019        0.000000      189.658019        0.000000        0.000006
   445      189.077955        0.000000      189.077955        0.000000        0.000006
   446      190.083019        0.000000      190.083019        0.000000        0.000004
   447      188.904720        0.000000      188.904720        0.000000        0.000010
   448      190.057657        0.000000      190.057657        0.000000        0.000006
   449      188.860434        0.000000      188.860434        0.000000        0.000007
   450      189.833673        0.000000      189.833673        0.000000        0.000009
   451      190.065985        0.000000      190.065985        0.000000        0.000005
   452      188.939017        0.000000      188.939017        0.000000        0.000008
   453      189.328742        0.000000      189.328742        0.000000        0.000008
   454      189.304619        0.000000      189.304619        0.000000        0.000005
   455      189.498496        0.000000      189.498496        0.000000        0.000008
   456      189.599063        0.000000      189.599063        0.000000        0.000007
   457      188.679097        0.000000      188.679097        0.000000        0.000009
   458      189.101377        0.000000      189.101377        0.000000        0.000005
   459      190.030964        0.000000      190.030964        0.000000        0.000004
   460      190.228592        0.000000      190.228592        0.000000        0.000003
   461      188.733435        0.170607      359.339965        0.000000        0.000012
   462      189.397922        0.000000      189.397922        0.000000        0.000004
   463      188.732132        0.000000      188.732132        0.000000        0.000007
   464      188.767263        0.000000      188.767263        0.000000        0.000006
   465      189.125653        0.000000      189.125653        0.000000        0.000005
   466      188.748531        0.000000      188.748531        0.000000        0.000007
   467      189.511893        0.000000      189.511893        0.000000        0.000005
   468      189.446721        0.000000      189.446721        0.000000        0.000005
   469      189.171572        0.000000      189.171572        0.000000        0.000005
   470      188.900752        0.000000      188.900752        0.000000        0.000008
   471      188.227959        0.000000      188.227959        0.000000        0.000007
   472      188.121640        0.000000      188.121640        0.000000        0.000006
   473      189.047635        0.000000      189.047635        0.000000        0.000006
   474      189.048860        0.000000      189.048860        0.000000        0.000005
   475      189.178212        0.000000      189.178212        0.000000        0.000005
   476      189.306630        0.000000      189.306630        0.000000        0.000004
   477      189.171879        0.000000      189.171879        0.000000        0.000006
   478      189.130897        0.000000      189.130897        0.000000        0.000009
   479      189.105781        0.000000      189.105781        0.000000        0.000005
   480      189.941536        0.000000      189.941536        0.000000        0.000005
   481      189.202737        0.000000      189.202737        0.000000        0.000003
   482      188.315780        0.000000      188.315780        0.000000        0.000007
   483      188.409469        0.000000      188.409469        0.000000        0.000007
   484      189.907333        0.000000      189.907333        0.000000        0.000005
   485      188.738384        0.000000      188.738384        0.000000        0.000007
   486      189.254646        0.000000      189.254646        0.000000        0.000005
   487      189.978473        0.000000      189.978473        0.000000        0.000004
   488      190.694632        0.000000      190.694632        0.000000        0.000003
   489      189.689735        0.000000      189.689735        0.000000        0.000007
   490      189.187588        0.000000      189.187588        0.000000        0.000006
   491      189.692319        0.000000      189.692319        0.000000        0.000005
   492      189.730532        0.000000      189.730532        0.000000        0.000005
   493      189.186536        0.000000      189.186536        0.000000        0.000008
   494      188.670568        0.000000      188.670568        0.000000        0.000008
   495      188.842064        0.000000      188.842064        0.000000        0.000006
   496      189.498149        0.000000      189.498149        0.000000        0.000003
   497      190.507128        0.000000      190.507128        0.000000        0.000003
   498      188.627838        0.000000      188.627838        0.000000        0.000010
   499      189.497171        0.000000      189.497171        0.000000        0.000007
   500      189.286305        0.000000      189.286305        0.000000        0.000005
   501      188.892448        0.000000      188.892448        0.000000        0.000005
   502      188.936196        0.000000      188.936196        0.000000        0.000006
   503      190.089998        0.000000      190.089998        0.000000        0.000005
   504      188.682788        0.000000      188.682788        0.000000        0.000007
   505      189.956130        0.000000      189.956130        0.000000        0.000005
   506      189.087880        0.000000      189.087880        0.000000        0.000006
   507      188.995297        0.000000      188.995297        0.000000        0.000006
   508      188.807512        0.000000      188.807512        0.000000        0.000008
   509      188.834850        0.000000      188.834850        0.000000        0.000010
   510      189.547641        0.000000      189.547641        0.000000        0.000005
   511      188.838989        0.000000      188.838989        0.000000        0.000008
   512      188.692253        0.000000      188.692253        0.000000        0.000008
   513      189.338246        0.000000      189.338246        0.000000        0.000004
   514      189.886265        0.000000      189.886265        0.000000        0.000004
   515      188.886999        0.000000      188.886999        0.000000        0.000006
   516      189.246274        0.000000      189.246274        0.000000        0.000006
   517      189.998961        0.000000      189.998961        0.000000        0.000004
   518      190.365169        0.000000      190.365169        0.000000        0.000006
   519      189.887996        0.000000      189.887996        0.000000        0.000004
   520      188.701582        0.000000      188.701582        0.000000        0.000006
   521      189.511723        0.000000      189.511723        0.000000        0.000003
   522      188.195709        0.000000      188.195709        0.000000        0.000009
   523      189.312426        0.000000      189.312426        0.000000        0.000004
   524      189.483565        0.000000      189.483565        0.000000        0.000006
   525      189.363730        0.000000      189.363730        0.000000        0.000005
   526      188.901966        0.000000      188.901966        0.000000        0.000005
   527      188.384969        0.000000      188.384969        0.000000        0.000006
   528      189.701791        0.000000      189.701791        0.000000        0.000008
   529      188.829843        0.000000      188.829843        0.000000        0.000007
   530      189.410008        0.000000      189.410008        0.000000        0.000005
   531      189.479993        0.000000      189.479993        0.000000        0.000005
   532      188.476648        0.000000      188.476648        0.000000        0.000008
   533      189.133214        0.000000      189.133214        0.000000        0.000006
   534      189.250524        0.000000      189.250524        0.000000        0.000005
   535      188.566234        0.000000      188.566234        0.000000        0.000004
   536      189.598726        0.000000      189.598726        0.000000        0.000006
   537      188.792285        0.000000      188.792285        0.000000        0.000009
   538      189.917863        0.000000      189.917863        0.000000        0.000006
   539      188.877083        0.000000      188.877083        0.000000        0.000005
   540      188.585902        0.000000      188.585902        0.000000        0.000007
   541      188.473100        0.000000      188.473100        0.000000        0.000007
   542      189.306589        0.000000      189.306589        0.000000        0.000004
   543      189.452777        0.000000      189.452777        0.000000        0.000006
   544      189.067659        0.000000      189.067659        0.000000        0.000008
   545      189.244504        0.000000      189.244504        0.000000        0.000007
   546      188.891511        0.000000      188.891511        0.000000        0.000009
   547      188.413232        0.171225      359.637834        0.000000        0.000012
   548      188.657727        0.000000      188.657727        0.000000        0.000005
   549      189.206638        0.000000      189.206638        0.000000        0.000005
   550      189.244911        0.000000      189.244911        0.000000        0.000005
   551      188.757028        0.000000      188.757028        0.000000        0.000005
   552      188.819941        0.000000      188.819941        0.000000        0.000004
   553      189.549704        0.000000      189.549704        0.000000        0.000005
   554      190.224439        0.000000      190.224439        0.000000        0.000008
   555      189.980388        0.000000      189.980388        0.000000        0.000004
   556      189.516012        0.000000      189.516012        0.000000        0.000005
   557      189.382863        0.000000      189.382863        0.000000        0.000005
   558      189.328206        0.000000      189.328206        0.000000        0.000005
   559      188.388768        0.000000      188.388768        0.000000        0.000006
   560      189.427555        0.000000      189.427555        0.000000        0.000006
   561      190.232443        0.000000      190.232443        0.000000        0.000004
   562      188.736251        0.000000      188.736251        0.000000        0.000004
   563      189.453760        0.000000      189.453760        0.000000        0.000008
   564      189.395935        0.000000      189.395935        0.000000        0.000005
   565      189.225148        0.000000      189.225148        0.000000        0.000006
   566      189.690871        0.000000      189.690871        0.000000        0.000003
   567      189.782159        0.000000      189.782159        0.000000        0.000004
   568      189.478195        0.000000      189.478195        0.000000        0.000007
   569      189.677232        0.014188      203.865212        0.000000        0.000010
   570      190.290318        0.000000      190.290318        0.000000        0.000006
   571      189.191683        0.000000      189.191683        0.000000        0.000005
   572      190.008971        0.000000      190.008971        0.000000        0.000005
   573      190.284869        0.000000      190.284869        0.000000        0.000003
   574      189.017653        0.000000      189.017653        0.000000        0.000006
   575      188.807876        0.000000      188.807876        0.000000        0.000007
   576      188.587839        0.000000      188.587839        0.000000        0.000008
   577      188.052269        0.584182      772.234424        0.000000        0.000016
   578      189.919304        0.000000      189.919304        0.000000        0.000005
   579      188.423930        0.000000      188.423930        0.000000        0.000009
   580      189.029856        0.000000      189.029856        0.000000        0.000007
   581      189.419961        0.000000      189.419961        0.000000        0.000006
   582      189.545284        0.000000      189.545284        0.000000        0.000003
   583      189.890235        0.000000      189.890235        0.000000        0.000005
   584      188.017483        0.000000      188.017483        0.000000        0.000010
   585      189.755874        0.000000      189.755874        0.000000        0.000005
   586      189.759877        0.000000      189.759877        0.000000        0.000006
   587      189.729537        0.000000      189.729537        0.000000        0.000005
   588      188.879154        0.000000      188.879154        0.000000        0.000008
   589      189.527110        0.000000      189.527110        0.000000        0.000004
   590      189.947647        0.000000      189.947647        0.000000        0.000007
   591      189.786209        0.000000      189.786209        0.000000        0.000005
   592      189.120274        0.000000      189.120274        0.000000        0.000007
   593      188.978115        0.000000      188.978115        0.000000        0.000004
   594      190.833213        0.000000      190.833213        0.000000        0.000003
   595      188.679882        0.000000      188.679882        0.000000        0.000008
   596      188.900422        0.000000      188.900422        0.000000        0.000007
   597      188.879084        0.000000      188.879084        0.000000        0.000004
   598      188.922130        0.000000      188.922130        0.000000        0.000004
   599      189.757142        0.000000      189.757142        0.000000        0.000006
   600      189.252520        0.000000      189.252520        0.000000        0.000005
   601      188.610217        0.000000      188.610217        0.000000        0.000005
   602      189.023598        0.000000      189.023598        0.000000        0.000008
   603      188.990308        0.000000      188.990308        0.000000        0.000006
   604      188.668748        0.000000      188.668748        0.000000        0.000004
   605      190.025043        0.000000      190.025043        0.000000        0.000004
   606      189.833117        0.000000      189.833117        0.000000        0.000005
   607      188.875750        0.000000      188.875750        0.000000        0.000009
   608      189.778395        0.000000      189.778395        0.000000        0.000005
   609      189.087119        0.000000      189.087119        0.000000        0.000007
   610      188.706738        0.000000      188.706738        0.000000        0.000009
   611      188.503133        0.000000      188.503133        0.000000        0.000008
   612      189.096120        0.000000      189.096120        0.000000        0.000006
   613      188.642188        0.000000      188.642188        0.000000        0.000008
   614      188.772433        0.000000      188.772433        0.000000        0.000009
   615      189.643993        0.000000      189.643993        0.000000        0.000005
   616      188.838457        0.000000      188.838457        0.000000        0.000006
   617      189.211742        0.000000      189.211742        0.000000        0.000005
   618      189.023043        0.000000      189.023043        0.000000        0.000005
   619      188.550616        0.000000      188.550616        0.000000        0.000007
   620      188.934741        0.000000      188.934741        0.000000        0.000007
   621      189.152718        0.000000      189.152718        0.000000        0.000005
   622      189.185911        0.000000      189.185911        0.000000        0.000004
   623      189.262430        0.000000      189.262430        0.000000        0.000006
   624      189.080901        0.000000      189.080901        0.000000        0.000008
   625      188.470776        0.000000      188.470776        0.000000        0.000006
   626      189.162037        0.000000      189.162037        0.000000        0.000007
   627      188.326338        0.000000      188.326338        0.000000        0.000006
   628      189.090566        0.000000      189.090566        0.000000        0.000005
   629      189.713523        0.000000      189.713523        0.000000        0.000005
   630      190.036257        0.000000      190.036257        0.000000        0.000006
   631      188.343843        0.000000      188.343843        0.000000        0.000007
   632      188.928431        0.000000      188.928431        0.000000        0.000007
   633      189.405377        0.000000      189.405377        0.000000        0.000003
   634      189.908496        0.000000      189.908496        0.000000        0.000004
   635      189.341263        0.000000      189.341263        0.000000        0.000006
   636      189.026448        0.000000      189.026448        0.000000        0.000008
   637      189.665424        0.000000      189.665424        0.000000        0.000007
   638      188.595414        0.000000      188.595414        0.000000        0.000008
   639      190.743401        0.000000      190.743401        0.000000        0.000005
   640      189.744772        0.000000      189.744772        0.000000        0.000006
   641      188.910550        0.000000      188.910550        0.000000        0.000005
   642      189.274665        0.000000      189.274665        0.000000        0.000005
   643      189.630526        0.000000      189.630526        0.000000        0.000005
   644      189.179085        0.000000      189.179085        0.000000        0.000006
   645      188.677660        0.000000      188.677660        0.000000        0.000006
   646      189.077909        0.000000      189.077909        0.000000        0.000005
   647      188.916802        0.000000      188.916802        0.000000        0.000005
   648      188.872957        0.000000      188.872957        0.000000        0.000007
   649      190.301975        0.000000      190.301975        0.000000        0.000005
   650      188.979499        0.000000      188.979499        0.000000        0.000006
   651      189.358894        0.000000      189.358894        0.000000        0.000006
   652      189.073650        0.000000      189.073650        0.000000        0.000005
   653      190.099895        0.000000      190.099895        0.000000        0.000006
   654      188.705404        0.000000      188.705404        0.000000        0.000009
   655      189.414365        0.000000      189.414365        0.000000        0.000007
   656      189.544793        0.000000      189.544793        0.000000        0.000004
   657      189.107011        0.000000      189.107011        0.000000        0.000005
   658      189.074275        0.000000      189.074275        0.000000        0.000005
   659      188.877406        0.000000      188.877406        0.000000        0.000005
   660      189.481537        0.000000      189.481537        0.000000        0.000008
   661      190.025237        0.000000      190.025237        0.000000        0.000004
   662      189.050597        0.000000      189.050597        0.000000        0.000007
   663      189.947252        0.000000      189.947252        0.000000        0.000004
   664      188.829696        0.000000      188.829696        0.000000        0.000006
   665      188.764850        0.000000      188.764850        0.000000        0.000008
   666      189.302978        0.000000      189.302978        0.000000        0.000006
   667      188.811525        0.000000      188.811525        0.000000        0.000005
   668      189.751827        0.000000      189.751827        0.000000        0.000005
   669      190.063119        0.000000      190.063119        0.000000        0.000003
   670      189.249802        0.000000      189.249802        0.000000        0.000007
   671      189.234855        0.000000      189.234855        0.000000        0.000007
   672      189.563400        0.000000      189.563400        0.000000        0.000005
   673      189.686531        0.000000      189.686531        0.000000        0.000005
   674      190.440581        0.000000      190.440581        0.000000        0.000002
   675      189.150925        0.000000      189.150925        0.000000        0.000006
   676      189.084300        0.000000      189.084300        0.000000        0.000008
   677      188.166372        0.160594      348.759990        0.000000        0.000012
   678      189.261933        0.000000      189.261933        0.000000        0.000009
   679      189.113907        0.000000      189.113907        0.000000        0.000004
   680      190.162295        0.000000      190.162295        0.000000        0.000005
   681      189.036227        0.000000      189.036227        0.000000        0.000006
   682      189.236085        0.000000      189.236085        0.000000        0.000008
   683      189.673230        0.000000      189.673230        0.000000        0.000005
   684      189.203033        0.000000      189.203033        0.000000        0.000008
   685      188.684723        0.000000      188.684723        0.000000        0.000007
   686      190.441794        0.000000      190.441794        0.000000        0.000005
   687      188.704030        0.000000      188.704030        0.000000        0.000007
   688      190.110019        0.000000      190.110019        0.000000        0.000005
   689      189.010976        0.000000      189.010976        0.000000        0.000005
   690      189.438488        0.000000      189.438488        0.000000        0.000005
   691      190.231388        0.000000      190.231388        0.000000        0.000003
   692      189.582918        0.000000      189.582918        0.000000        0.000005
   693      189.615533        0.000000      189.615533        0.000000        0.000007
   694      188.724453        0.000000      188.724453        0.000000        0.000010
   695      188.829422        0.000000      188.829422        0.000000        0.000006
   696      189.629479        0.000000      189.629479        0.000000        0.000008
   697      189.773920        0.000000      189.773920        0.000000        0.000005
   698      188.493896        0.000000      188.493896        0.000000        0.000007
   699      188.506069        0.000000      188.506069        0.000000        0.000005
   700      189.585472        0.000000      189.585472        0.000000        0.000006
   701      189.589411        0.000000      189.589411        0.000000        0.000005
   702      189.308068        0.000000      189.308068        0.000000        0.000006
   703      189.241046        0.000000      189.241046        0.000000        0.000007
   704      189.661215        0.000000      189.661215        0.000000        0.000005
   705      188.760442        0.000000      188.760442        0.000000        0.000006
   706      189.936683        0.000000      189.936683        0.000000        0.000003
   707      188.777952        0.000000      188.777952        0.000000        0.000006
   708      188.898562        0.000000      188.898562        0.000000        0.000009
   709      188.907849        0.000000      188.907849        0.000000        0.000008
   710      189.547246        0.000000      189.547246        0.000000        0.000009
   711      189.429867        0.000000      189.429867        0.000000        0.000005
   712      189.800620        0.000000      189.800620        0.000000        0.000003
   713      189.798423        0.000000      189.798423        0.000000        0.000005
   714      189.514757        0.000000      189.514757        0.000000        0.000008
   715      188.473261        1.170644     1359.116777        0.000000        0.000022
   716      188.948528        0.000000      188.948528        0.000000        0.000005
   717      190.640750        0.000000      190.640750        0.000000        0.000003
   718      188.729228        0.000000      188.729228        0.000000        0.000005
   719      190.201216        0.000000      190.201216        0.000000        0.000006
   720      188.828984        0.000000      188.828984        0.000000        0.000008
   721      188.358968        0.000000      188.358968        0.000000        0.000005
   722      189.553796        0.000000      189.553796        0.000000        0.000004
   723      189.478440        0.000000      189.478440        0.000000        0.000004
   724      190.250412        0.000000      190.250412        0.000000        0.000005
   725      189.786890        0.000000      189.786890        0.000000        0.000003
   726      189.411716        0.000000      189.411716        0.000000        0.000005
   727      189.987796        0.000000      189.987796        0.000000        0.000006
   728      188.318976        0.000000      188.318976        0.000000        0.000006
   729      188.821011        0.000000      188.821011        0.000000        0.000004
   730      188.792320        0.000000      188.792320        0.000000        0.000008
   731      188.622685        0.000000      188.622685        0.000000        0.000007
   732      189.739426        0.000000      189.739426        0.000000        0.000006
   733      190.183135        0.000000      190.183135        0.000000        0.000005
   734      189.431162        0.000000      189.431162        0.000000        0.000005
   735      189.804724        0.000000      189.804724        0.000000        0.000005
   736      188.667840        0.000000      188.667840        0.000000        0.000010
   737      189.520349        0.000000      189.520349        0.000000        0.000004
   738      189.549071        0.000000      189.549071        0.000000        0.000007
   739      188.764159        0.000000      188.764159        0.000000        0.000005
   740      189.570152        0.000000      189.570152        0.000000        0.000004
   741      188.718969        0.000000      188.718969        0.000000        0.000009
   742      188.950284        0.000000      188.950284        0.000000        0.000008
   743      188.501738        0.000000      188.501738        0.000000        0.000007
   744      189.191252        0.000000      189.191252        0.000000        0.000005
   745      189.471522        0.000000      189.471522        0.000000        0.000006
   746      189.721700        0.000000      189.721700        0.000000        0.000005
   747      188.688965        0.000000      188.688965        0.000000        0.000007
   748      189.203586        0.000000      189.203586        0.000000        0.000005
   749      189.817758        0.000000      189.817758        0.000000        0.000005
   750      188.698051        0.000000      188.698051        0.000000        0.000008
   751      188.505690        0.000000      188.505690        0.000000        0.000008
   752      188.312279        0.000000      188.312279        0.000000        0.000005
   753      189.357791        0.000000      189.357791        0.000000        0.000007
   754      189.639192        0.000000      189.639192        0.000000        0.000005
   755      187.754941        0.000000      187.754941        0.000000        0.000007
   756      190.245572        0.000000      190.245572        0.000000        0.000006
   757      189.236163        0.000000      189.236163        0.000000        0.000005
   758      189.373114        0.000000      189.373114        0.000000        0.000007
   759      188.393324        0.000000      188.393324        0.000000        0.000008
   760      189.628427        0.000000      189.628427        0.000000        0.000004
   761      188.635081        0.000000      188.635081        0.000000        0.000006
   762      189.105228        0.000000      189.105228        0.000000        0.000007
   763      190.083338        0.000000      190.083338        0.000000        0.000005
   764      190.204097        0.000000      190.204097        0.000000        0.000006
   765      190.465670        0.000000      190.465670        0.000000        0.000003
   766      189.071422        0.000000      189.071422        0.000000        0.000007
   767      189.646435        0.000000      189.646435        0.000000        0.000004
   768      188.790981        0.000000      188.790981        0.000000        0.000010
   769      189.199273        0.000000      189.199273        0.000000        0.000005
   770      189.214594        0.000000      189.214594        0.000000        0.000005
   771      189.692511        0.000000      189.692511        0.000000        0.000006
   772      189.232377        0.000000      189.232377        0.000000        0.000006
   773      189.571959        0.000000      189.571959        0.000000        0.000005
   774      189.145659        0.000000      189.145659        0.000000        0.000004
   775      188.763843        0.000000      188.763843        0.000000        0.000006
   776      189.372122        0.000000      189.372122        0.000000        0.000005
   777      189.377181        0.000000      189.377181        0.000000        0.000007
   778      188.868166        0.000000      188.868166        0.000000        0.000007
   779      190.016939        0.000000      190.016939        0.000000        0.000003
   780      190.155436        0.000000      190.155436        0.000000        0.000007
   781      188.711891        0.000000      188.711891        0.000000        0.000005
   782      188.494712        0.000000      188.494712        0.000000        0.000005
   783      189.405183        0.000000      189.405183        0.000000        0.000004
   784      189.766782        0.000000      189.766782        0.000000        0.000004
   785      190.228611        0.000000      190.228611        0.000000        0.000003
   786      189.363044        0.000000      189.363044        0.000000        0.000004
   787      189.596837        0.000000      189.596837        0.000000        0.000008
   788      189.703907        0.000000      189.703907        0.000000        0.000008
   789      190.071198        0.000000      190.071198        0.000000        0.000005
   790      189.523096        0.000000      189.523096        0.000000        0.000007
   791      189.158378        0.000000      189.158378        0.000000        0.000004
   792      189.485986        0.000000      189.485986        0.000000        0.000007
   793      189.578722        0.000000      189.578722        0.000000        0.000004
   794      189.287775        0.000000      189.287775        0.000000        0.000006
   795      188.664428        0.000000      188.664428        0.000000        0.000008
   796      188.991535        0.000000      188.991535        0.000000        0.000007
   797      189.208319        0.000000      189.208319        0.000000        0.000005
   798      188.427001        0.000000      188.427001        0.000000        0.000008
   799      189.366467        0.000000      189.366467        0.000000        0.000006
   800      188.955333        0.000000      188.955333        0.000000        0.000006
   801      189.388695        0.000000      189.388695        0.000000        0.000007
   802      188.945434        0.000000      188.945434        0.000000        0.000004
   803      189.472469        0.000000      189.472469        0.000000        0.000006
   804      189.243248        0.000000      189.243248        0.000000        0.000005
   805      189.778295        0.000000      189.778295        0.000000        0.000005
   806      188.917693        0.000000      188.917693        0.000000        0.000004
   807      188.853571        0.000000      188.853571        0.000000        0.000006
   808      189.451494        0.000000      189.451494        0.000000        0.000004
   809      189.401926        0.000000      189.401926        0.000000        0.000005
   810      188.457497        0.000000      188.457497        0.000000        0.000007
   811      189.428797        0.000000      189.428797        0.000000        0.000006
   812      189.408804        0.000000      189.408804        0.000000        0.000005
   813      188.560570        0.000000      188.560570        0.000000        0.000006
   814      189.085704        0.000000      189.085704        0.000000        0.000006
   815      189.096593        0.000000      189.096593        0.000000        0.000006
   816      189.292113        0.000000      189.292113        0.000000        0.000010
   817      189.841939        0.000000      189.841939        0.000000        0.000005
   818      190.276905        0.000000      190.276905        0.000000        0.000004
   819      189.184315        0.000000      189.184315        0.000000        0.000006
   820      188.814902        0.000000      188.814902        0.000000        0.000010
   821      188.290711        0.000000      188.290711        0.000000        0.000006
   822      189.367981        0.000000      189.367981        0.000000        0.000006
   823      189.423820        0.000000      189.423820        0.000000        0.000006
   824      189.546109        0.000000      189.546109        0.000000        0.000004
   825      189.125612        0.000000      189.125612        0.000000        0.000005
   826      190.028332        0.000000      190.028332        0.000000        0.000003
   827      189.803004        0.000000      189.803004        0.000000        0.000006
   828      188.796368        0.000000      188.796368        0.000000        0.000009
   829      190.828280        0.000000      190.828280        0.000000        0.000004
   830      188.890052        0.000000      188.890052        0.000000        0.000010
   831      189.835154        0.000000      189.835154        0.000000        0.000007
   832      189.643436        0.000000      189.643436        0.000000        0.000006
   833      188.755260        0.000000      188.755260        0.000000        0.000007
   834      189.142424        0.000000      189.142424        0.000000        0.000004
   835      188.567279        0.000000      188.567279        0.000000        0.000006
   836      190.452043        0.000000      190.452043        0.000000        0.000007
   837      189.562109        0.000000      189.562109        0.000000        0.000006
   838      188.552820        0.000000      188.552820        0.000000        0.000008
   839      188.837039        0.000000      188.837039        0.000000        0.000005
   840      188.601230        0.000000      188.601230        0.000000        0.000008
   841      188.684511        0.000000      188.684511        0.000000        0.000005
   842      189.863293        0.000000      189.863293        0.000000        0.000006
   843      189.469950        0.000000      189.469950        0.000000        0.000006
   844      189.360481        0.000000      189.360481        0.000000        0.000006
   845      189.218527        0.000000      189.218527        0.000000        0.000003
   846      189.423520        0.000000      189.423520        0.000000        0.000007
   847      190.112384        0.000000      190.112384        0.000000        0.000005
   848      189.151102        0.000000      189.151102        0.000000        0.000007
   849      189.147800        0.000000      189.147800        0.000000        0.000007
   850      189.332912        0.000000      189.332912        0.000000        0.000005
   851      190.301553        0.000000      190.301553        0.000000        0.000003
   852      188.736852        0.017535      206.271405        0.000000        0.000010
   853      189.306817        0.000000      189.306817        0.000000        0.000004
   854      188.972358        0.000000      188.972358        0.000000        0.000004
   855      188.669017        0.000000      188.669017        0.000000        0.000005
   856      189.618132        0.000000      189.618132        0.000000        0.000005
   857      188.855812        0.000000      188.855812        0.000000        0.000008
   858      188.912033        0.000000      188.912033        0.000000        0.000006
   859      188.648341        0.000000      188.648341        0.000000        0.000006
   860      188.835621        0.000000      188.835621        0.000000        0.000007
   861      190.142585        0.000000      190.142585        0.000000        0.000009
   862      190.262428        0.000000      190.262428        0.000000        0.000006
   863      189.735082        0.000000      189.735082        0.000000        0.000005
   864      188.550976        0.000000      188.550976        0.000000        0.000006
   865      189.133731        0.000000      189.133731        0.000000        0.000006
   866      188.870477        0.000000      188.870477        0.000000        0.000007
   867      189.800935        0.000000      189.800935        0.000000        0.000006
   868      188.825293        0.000000      188.825293        0.000000        0.000005
   869      189.081505        0.000000      189.081505        0.000000        0.000007
   870      188.966962        0.000000      188.966962        0.000000        0.000005
   871      189.354751        0.000000      189.354751        0.000000        0.000004
   872      189.324225        0.000000      189.324225        0.000000        0.000005
   873      189.507000        0.000000      189.507000        0.000000        0.000007
   874      188.880954        0.000000      188.880954        0.000000        0.000006
   875      188.997134        0.000000      188.997134        0.000000        0.000007
   876      190.198273        0.000000      190.198273        0.000000        0.000004
   877      189.540307        0.000000      189.540307        0.000000        0.000006
   878      189.507277        0.000000      189.507277        0.000000        0.000006
   879      188.792226        0.000000      188.792226        0.000000        0.000006
   880      189.332930        0.000000      189.332930        0.000000        0.000006
   881      189.256139        0.000000      189.256139        0.000000        0.000005
   882      189.181728        0.000000      189.181728        0.000000        0.000003
   883      188.854502        0.000000      188.854502        0.000000        0.000006
   884      188.931317        0.000000      188.931317        0.000000        0.000005
   885      188.947827        0.000000      188.947827        0.000000        0.000007
   886      189.374252        0.000000      189.374252        0.000000        0.000007
   887      188.748418        0.000000      188.748418        0.000000        0.000007
   888      189.969052        0.000000      189.969052        0.000000        0.000006
   889      189.592535        0.000000      189.592535        0.000000        0.000005
   890      188.836518        0.000000      188.836518        0.000000        0.000006
   891      189.617282        0.000000      189.617282        0.000000        0.000007
   892      189.447634        0.000000      189.447634        0.000000        0.000005
   893      189.729453        0.000000      189.729453        0.000000        0.000007
   894      189.423101        0.000000      189.423101        0.000000        0.000004
   895      189.945762        0.000000      189.945762        0.000000        0.000004
   896      188.385226        0.000000      188.385226        0.000000        0.000007
   897      189.728018        0.000000      189.728018        0.000000        0.000004
   898      189.512875        0.000000      189.512875        0.000000        0.000006
   899      189.184512        0.000000      189.184512        0.000000        0.000006
   900      190.524573        0.000000      190.524573        0.000000        0.000003
   901      189.986569        0.000000      189.986569        0.000000        0.000003
   902      188.580048        0.000000      188.580048        0.000000        0.000005
   903      189.075406        0.000000      189.075406        0.000000        0.000004
   904      188.434694        0.000000      188.434694        0.000000        0.000007
   905      189.241325        0.000000      189.241325        0.000000        0.000005
   906      189.416418        0.000000      189.416418        0.000000        0.000007
   907      188.553692        0.000000      188.553692        0.000000        0.000008
   908      188.987014        0.000000      188.987014        0.000000        0.000004
   909      189.964576        0.000000      189.964576        0.000000        0.000006
   910      189.352877        0.000000      189.352877        0.000000        0.000009
   911      188.992772        0.000000      188.992772        0.000000        0.000008
   912      189.763283        0.000000      189.763283        0.000000        0.000007
   913      189.847760        0.000000      189.847760        0.000000        0.000005
   914      189.781161        0.000000      189.781161        0.000000        0.000006
   915      188.314613        0.000000      188.314613        0.000000        0.000005
   916      189.224589        0.000000      189.224589        0.000000        0.000007
   917      189.949963        0.000000      189.949963        0.000000        0.000005
   918      188.758237        0.000000      188.758237        0.000000        0.000006
   919      188.937209        0.000000      188.937209        0.000000        0.000005
   920      189.060133        0.000000      189.060133        0.000000        0.000005
   921      188.360612        0.000000      188.360612        0.000000        0.000009
   922      189.831201        0.000000      189.831201        0.000000        0.000003
   923      189.160626        0.000000      189.160626        0.000000        0.000004
   924      188.533169        0.000000      188.533169        0.000000        0.000004
   925      189.561551        0.000000      189.561551        0.000000        0.000006
   926      189.003738        0.000000      189.003738        0.000000        0.000006
   927      189.116061        0.000000      189.116061        0.000000        0.000006
   928      189.463238        0.000000      189.463238        0.000000        0.000004
   929      189.822149        0.000000      189.822149        0.000000        0.000003
   930      188.799409        0.000000      188.799409        0.000000        0.000006
   931      188.548557        0.000000      188.548557        0.000000        0.000007
   932      187.999085        0.000000      187.999085        0.000000        0.000007
   933      191.072666        0.000000      191.072666        0.000000        0.000005
   934      189.500433        0.000000      189.500433        0.000000        0.000005
   935      188.954829        0.000000      188.954829        0.000000        0.000006
   936      190.793502        0.000000      190.793502        0.000000        0.000003
   937      189.583365        0.000000      189.583365        0.000000        0.000004
   938      189.454800        0.000000      189.454800        0.000000        0.000007
   939      189.655336        0.000000      189.655336        0.000000        0.000004
   940      189.570945        0.000000      189.570945        0.000000        0.000007
   941      189.372937        0.000000      189.372937        0.000000        0.000004
   942      188.663607        0.000000      188.663607        0.000000        0.000008
   943      188.751135        0.000000      188.751135        0.000000        0.000009
   944      189.334084        0.047002      236.335816        0.000000        0.000010
   945      189.684823        0.000000      189.684823        0.000000        0.000006
   946      188.837373        0.000000      188.837373        0.000000        0.000005
   947      188.854482        0.000000      188.854482        0.000000        0.000007
   948      189.938742        0.000000      189.938742        0.000000        0.000005
   949      189.176851        0.000000      189.176851        0.000000        0.000006
   950      188.324129        0.000000      188.324129        0.000000        0.000005
   951      189.034835        0.000000      189.034835        0.000000        0.000007
   952      188.131192        0.024108      212.239059        0.000000        0.000010
   953      189.000417        0.000000      189.000417        0.000000        0.000006
   954      189.001675        0.000000      189.001675        0.000000        0.000006
   955      190.472627        0.000000      190.472627        0.000000        0.000003
   956      188.585421        0.004243      192.828287        0.000000        0.000010
   957      188.560050        0.000000      188.560050        0.000000        0.000008
   958      189.182066        0.000000      189.182066        0.000000        0.000007
   959      189.628115        0.000000      189.628115        0.000000        0.000004
   960      189.308173        0.000000      189.308173        0.000000        0.000008
   961      189.078367        0.000000      189.078367        0.000000        0.000006
   962      190.162045        0.000000      190.162045        0.000000        0.000004
   963      189.740695        0.000000      189.740695        0.000000        0.000004
   964      190.856571        0.000000      190.856571        0.000000        0.000004
   965      189.935871        0.000000      189.935871        0.000000        0.000004
   966      188.868073        0.000000      188.868073        0.000000        0.000009
   967      189.297944        0.000000      189.297944        0.000000        0.000005
   968      190.180338        0.000000      190.180338        0.000000        0.000006
   969      189.756997        0.000000      189.756997        0.000000        0.000008
   970      189.501265        0.000000      189.501265        0.000000        0.000004
   971      188.802635        0.000000      188.802635        0.000000        0.000005
   972      188.571789        0.028192      216.763341        0.000000        0.000010
   973      189.256091        0.000000      189.256091        0.000000        0.000006
   974      188.831216        0.000000      188.831216        0.000000        0.000006
   975      188.823370        0.000000      188.823370        0.000000        0.000008
   976      189.984294        0.000000      189.984294        0.000000        0.000003
   977      189.073415        0.000000      189.073415        0.000000        0.000004
   978      189.992247        0.000000      189.992247        0.000000        0.000005
   979      190.221936        0.000000      190.221936        0.000000        0.000004
   980      189.553834        0.000000      189.553834        0.000000        0.000006
   981      189.485913        0.000000      189.485913        0.000000        0.000006
   982      188.703586        0.000000      188.703586        0.000000        0.000006
   983      189.613943        0.000000      189.613943        0.000000        0.000006
   984      189.865048        0.000000      189.865048        0.000000        0.000004
   985      189.249547        0.000000      189.249547        0.000000        0.000005
   986      189.500624        0.000000      189.500624        0.000000        0.000005
   987      188.869966        0.000000      188.869966        0.000000        0.000007
   988      188.482921        0.000000      188.482921        0.000000        0.000007
   989      188.844473        0.000000      188.844473        0.000000        0.000005
   990      188.373099        0.000000      188.373099        0.000000        0.000007
   991      189.087330        0.000000      189.087330        0.000000        0.000006
   992      188.972715        0.000000      188.972715        0.000000        0.000005
   993      189.068524        0.000000      189.068524        0.000000        0.000007
   994      188.767845        0.000000      188.767845        0.000000        0.000005
   995      189.087725        0.000000      189.087725        0.000000        0.000007
   996      190.408900        0.000000      190.408900        0.000000        0.000005
   997      188.923796        0.000000      188.923796        0.000000        0.000005
   998      188.352865        0.000000      188.352865        0.000000        0.000006
   999      189.361415        0.000000      189.361415        0.000000        0.000005
  1000      188.072384        0.000000      188.072384        0.000000        0.000006
