     1      187.363224        0.000000      187.363224        0.000000        0.000010
     2      187.714616        0.000000      187.714616        0.000000        0.000005
     3      187.966713        0.000000      187.966713        0.000000        0.000006
     4      187.729188        0.000000      187.729188        0.000000        0.000006
     5      187.269794        0.037970      225.240192        0.000000        0.000010
     6      187.926622        0.000000      187.926622        0.000000        0.000005
     7      187.970963        0.000000      187.970963        0.000000        0.000008
     8      188.199906        0.000000      188.199906        0.000000        0.000004
     9      187.564769        0.000000      187.564769        0.000000        0.000008
    10      187.944824        0.000000      187.944824        0.000000        0.000008
    11      187.269657        0.000000      187.269657        0.000000        0.000009
    12      187.976732        0.000000      187.976732        0.000000        0.000007
    13      188.504526        0.000000      188.504526        0.000000        0.000008
    14      187.353016        0.000000      187.353016        0.000000        0.000009
    15      187.898799        0.000000      187.898799        0.000000        0.000008
    16      187.811016        0.000000      187.811016        0.000000        0.000007
    17      187.973528        0.000000      187.973528        0.000000        0.000008
    18      187.952447        0.000000      187.952447        0.000000        0.000005
    19      187.521047        0.000000      187.521047        0.000000        0.000010
    20      187.863058        0.000000      187.863058        0.000000        0.000006
    21      187.965017        0.000000      187.965017        0.000000        0.000008
    22      188.030874        0.000000      188.030874        0.000000        0.000005
    23      187.841824        0.132165      320.006569        0.000000        0.000011
    24      188.368149        0.000000      188.368149        0.000000        0.000004
    25      188.186647        0.158287      346.474135        0.000000        0.000012
    26      187.436990        0.000000      187.436990        0.000000        0.000009
    27      188.403888        0.000000      188.403888        0.000000        0.000008
    28      187.692890        0.000000      187.692890        0.000000        0.000009
    29      187.645257        0.000000      187.645257        0.000000        0.000007
    30      187.921804        0.000000      187.921804        0.000000        0.000008
    31      187.880534        0.000000      187.880534        0.000000        0.000007
    32      187.744638        0.147075      334.820026        0.000000        0.000011
    33      187.739649        0.000000      187.739649        0.000000        0.000007
    34      187.788383        0.092358      280.146345        0.000000        0.000011
    35      187.062350        0.000000      187.062350        0.000000        0.000008
    36      186.863716        0.000000      186.863716        0.000000        0.000006
    37      187.495826        0.000000      187.495826        0.000000        0.000007
    38      187.817820        0.000000      187.817820        0.000000        0.000006
    39      188.146337        0.000000      188.146337        0.000000        0.000007
    40      187.371759        0.000000      187.371759        0.000000        0.000008
    41      188.091746        0.000000      188.091746        0.000000        0.000005
    42      187.519270        0.000000      187.519270        0.000000        0.000008
    43      188.065056        0.000000      188.065056        0.000000        0.000009
    44      188.678570        0.000000      188.678570        0.000000        0.000007
    45      187.873854        0.000000      187.873854        0.000000        0.000006
    46      187.782780        0.000000      187.782780        0.000000        0.000007
    47      187.957399        0.000000      187.957399        0.000000        0.000010
    48      188.372205        0.000000      188.372205        0.000000        0.000007
    49      188.588158        0.000000      188.588158        0.000000        0.000007
    50      187.631190        0.000000      187.631190        0.000000        0.000010
    51      187.394735        0.000000      187.394735        0.000000        0.000008
    52      188.767389        0.000000      188.767389        0.000000        0.000005
    53      187.632621        0.000000      187.632621        0.000000        0.000009
    54      188.116812        0.000000      188.116812        0.000000        0.000005
    55      187.081563        0.382600      569.681100        0.000000        0.000014
    56      187.966624        0.000000      187.966624        0.000000        0.000008
    57      187.416933        0.000000      187.416933        0.000000        0.000008
    58      187.674883        0.000000      187.674883        0.000000        0.000007
    59      188.346866        0.000000      188.346866        0.000000        0.000008
    60      187.413781        0.000000      187.413781        0.000000        0.000005
    61      187.744596        0.000000      187.744596        0.000000        0.000007
    62      187.384708        0.000000      187.384708        0.000000        0.000010
    63      187.954840        0.000000      187.954840        0.000000        0.000005
    64      187.799052        0.000000      187.799052        0.000000        0.000006
    65      187.556427        0.071681      259.237242        0.000000        0.000011
    66      187.834969        0.000000      187.834969        0.000000        0.000007
    67      187.634185        0.000000      187.634185        0.000000        0.000008
    68      188.294819        0.000000      188.294819        0.000000        0.000006
    69      188.097380        0.000000      188.097380        0.000000        0.000005
    70      187.515155        0.000000      187.515155        0.000000        0.000004
    71      187.658181        0.000000      187.658181        0.000000        0.000008
    72      187.441439        0.000000      187.441439        0.000000        0.000008
    73      187.280585        0.228194      415.474696        0.000000        0.000012
    74      187.460957        0.000000      187.460957        0.000000        0.000008
    75      188.047638        0.000000      188.047638        0.000000        0.000008
    76      187.427781        0.000000      187.427781        0.000000        0.000008
    77      187.714630        0.000000      187.714630        0.000000        0.000009
    78      187.983878        0.000000      187.983878        0.000000        0.000005
    79      187.936676        0.000000      187.936676        0.000000        0.000007
    80      187.771479        0.000000      187.771479        0.000000        0.000007
    81      187.798626        0.000000      187.798626        0.000000        0.000007
    82      187.605732        0.000000      187.605732        0.000000        0.000008
    83      187.365136        0.000000      187.365136        0.000000        0.000007
    84      187.559342        0.000000      187.559342        0.000000        0.000006
    85      187.549032        0.000000      187.549032        0.000000        0.000010
    86      187.546460        0.000000      187.546460        0.000000        0.000006
    87      187.820199        0.000000      187.820199        0.000000        0.000006
    88      187.633235        0.000000      187.633235        0.000000        0.000008
    89      187.675923        0.000000      187.675923        0.000000        0.000010
    90      187.142369        0.000000      187.142369        0.000000        0.000007
    91      187.571421        0.000000      187.571421        0.000000        0.000008
    92      188.131452        0.000000      188.131452        0.000000        0.000007
    93      187.984095        0.000000      187.984095        0.000000        0.000005
    94      188.162894        0.000000      188.162894        0.000000        0.000005
    95      187.322147        0.000000      187.322147        0.000000        0.000008
    96      187.704953        0.000000      187.704953        0.000000        0.000007
    97      187.673107        0.000000      187.673107        0.000000        0.000008
    98      188.009940        0.000000      188.009940        0.000000        0.000006
    99      187.487402        0.000000      187.487402        0.000000        0.000007
   100      187.596345        0.000000      187.596345        0.000000        0.000009
   101      187.628710        0.000000      187.628710        0.000000        0.000006
   102      187.690281        0.000000      187.690281        0.000000        0.000007
   103      187.833514        0.000000      187.833514        0.000000        0.000007
   104      187.142791        0.460673      647.815718        0.000000        0.000015
   105      187.985283        0.000000      187.985283        0.000000        0.000006
   106      188.136475        0.000000      188.136475        0.000000        0.000008
   107      187.630875        0.000000      187.630875        0.000000        0.000006
   108      188.074844        0.000000      188.074844        0.000000        0.000009
   109      187.906074        0.000000      187.906074        0.000000        0.000007
   110      187.497201        0.000000      187.497201        0.000000        0.000008
   111      187.323365        0.000000      187.323365        0.000000        0.000006
   112      188.036562        0.000000      188.036562        0.000000        0.000005
   113      187.723261        0.000000      187.723261        0.000000        0.000006
   114      187.174184        0.110594      297.768302        0.000000        0.000011
   115      188.988300        0.000000      188.988300        0.000000        0.000007
   116      188.120207        0.000000      188.120207        0.000000        0.000007
   117      187.988642        0.000000      187.988642        0.000000        0.000008
   118      187.754410        0.000000      187.754410        0.000000        0.000006
   119      187.964840        0.000000      187.964840        0.000000        0.000009
   120      187.734329        0.000000      187.734329        0.000000        0.000008
   121      187.459467        0.000000      187.459467        0.000000        0.000007
   122      188.027107        0.000000      188.027107        0.000000        0.000007
   123      187.826160        0.000000      187.826160        0.000000        0.000008
   124      187.278243        0.000000      187.278243        0.000000        0.000006
   125      188.570175        0.000000      188.570175        0.000000        0.000005
   126      188.103299        0.000000      188.103299        0.000000        0.000009
   127      187.575443        0.000000      187.575443        0.000000        0.000006
   128      187.736553        0.000000      187.736553        0.000000        0.000006
   129      188.356132        0.000000      188.356132        0.000000        0.000007
   130      188.414509        0.000000      188.414509        0.000000        0.000008
   131      188.295367        0.000000      188.295367        0.000000        0.000009
   132      187.894437        0.000000      187.894437        0.000000        0.000008
   133      187.399689        0.000000      187.399689        0.000000        0.000008
   134      187.852082        0.097151      285.003245        0.000000        0.000011
   135      187.951358        0.000000      187.951358        0.000000        0.000007
   136      187.846420        0.000000      187.846420        0.000000        0.000010
   137      187.141358        0.251412      438.552971        0.000000        0.000013
   138      187.946606        0.113648      301.594200        0.000000        0.000011
   139      187.536049        0.000000      187.536049        0.000000        0.000007
   140      187.306701        0.000000      187.306701        0.000000        0.000008
   141      187.906253        0.000000      187.906253        0.000000        0.000009
   142      187.891660        0.000000      187.891660        0.000000        0.000006
   143      187.697296        0.000000      187.697296        0.000000        0.000009
   144      188.110662        0.008645      196.755789        0.000000        0.000010
   145      187.591125        0.000000      187.591125        0.000000        0.000005
   146      187.403897        0.000000      187.403897        0.000000        0.000008
   147      188.178001        0.000000      188.178001        0.000000        0.000007
   148      187.831520        0.000000      187.831520        0.000000        0.000006
   149      187.580343        0.000000      187.580343        0.000000        0.000008
   150      187.670695        0.000000      187.670695        0.000000        0.000009
   151      188.573950        0.000000      188.573950        0.000000        0.000005
   152      187.357725        0.000000      187.357725        0.000000        0.000010
   153      187.898612        0.000000      187.898612        0.000000        0.000008
   154      187.897354        0.000000      187.897354        0.000000        0.000008
   155      187.730304        0.000000      187.730304        0.000000        0.000009
   156      187.811446        0.000000      187.811446        0.000000        0.000007
   157      188.186525        0.000000      188.186525        0.000000        0.000006
   158      187.841891        0.000000      187.841891        0.000000        0.000005
   159      187.983925        0.000000      187.983925        0.000000        0.000007
   160      188.600007        0.000000      188.600007        0.000000        0.000005
   161      187.758085        0.000000      187.758085        0.000000        0.000007
   162      188.211847        0.000000      188.211847        0.000000        0.000008
   163      187.273380        0.000000      187.273380        0.000000        0.000009
   164      187.346489        0.000000      187.346489        0.000000        0.000009
   165      187.445876        0.196800      384.245943        0.000000        0.000012
   166      187.902239        0.000000      187.902239        0.000000        0.000006
   167      188.623668        0.000000      188.623668        0.000000        0.000006
   168      188.089541        0.000000      188.089541        0.000000        0.000006
   169      187.912417        0.000000      187.912417        0.000000        0.000005
   170      188.007043        0.000000      188.007043        0.000000        0.000010
   171      188.500666        0.000000      188.500666        0.000000        0.000005
   172      187.549405        0.000000      187.549405        0.000000        0.000007
   173      187.282605        0.000000      187.282605        0.000000        0.000007
   174      187.936125        0.000000      187.936125        0.000000        0.000008
   175      187.810272        0.000000      187.810272        0.000000        0.000006
   176      188.371469        0.000000      188.371469        0.000000        0.000006
   177      188.038667        0.000000      188.038667        0.000000        0.000008
   178      187.766821        0.000000      187.766821        0.000000        0.000007
   179      187.907217        0.021939      209.846249        0.000000        0.000010
   180      187.346276        0.000000      187.346276        0.000000        0.000007
   181      187.812265        0.000000      187.812265        0.000000        0.000007
   182      187.742680        0.000000      187.742680        0.000000        0.000008
   183      187.494518        0.000000      187.494518        0.000000        0.000008
   184      187.931027        0.000000      187.931027        0.000000        0.000006
   185      187.530316        0.000000      187.530316        0.000000        0.000008
   186      188.305441        0.000000      188.305441        0.000000        0.000006
   187      187.726599        0.000000      187.726599        0.000000        0.000006
   188      187.840324        0.000000      187.840324        0.000000        0.000007
   189      187.738725        0.146192      333.930405        0.000000        0.000011
   190      188.110649        0.000000      188.110649        0.000000        0.000007
   191      187.072679        0.000000      187.072679        0.000000        0.000007
   192      187.901157        0.000000      187.901157        0.000000        0.000005
   193      187.252157        0.267157      454.409252        0.000000        0.000013
   194      187.946505        0.000000      187.946505        0.000000        0.000007
   195      188.357978        0.000000      188.357978        0.000000        0.000007
   196      188.132897        0.000000      188.132897        0.000000        0.000004
   197      188.407500        0.000000      188.407500        0.000000        0.000007
   198      187.583082        0.000000      187.583082        0.000000        0.000009
   199      187.829474        0.000000      187.829474        0.000000        0.000007
   200      187.830637        0.000000      187.830637        0.000000        0.000006
   201      188.912798        0.000000      188.912798        0.000000        0.000007
   202      187.831741        0.000000      187.831741        0.000000        0.000007
   203      188.062010        0.000000      188.062010        0.000000        0.000006
   204      187.914684        0.000000      187.914684        0.000000        0.000005
   205      187.285463        0.000000      187.285463        0.000000        0.000008
   206      187.282762        0.000000      187.282762        0.000000        0.000009
   207      187.677648        0.000000      187.677648        0.000000        0.000008
   208      187.900337        0.019215      207.115756        0.000000        0.000010
   209      187.531580        0.051628      239.159140        0.000000        0.000011
   210      187.761226        0.000000      187.761226        0.000000        0.000008
   211      187.450416        0.000000      187.450416        0.000000        0.000005
   212      187.227194        0.274404      461.631513        0.000000        0.000013
   213      187.736035        0.000000      187.736035        0.000000        0.000006
   214      187.638501        0.000000      187.638501        0.000000        0.000006
   215      187.724893        0.000000      187.724893        0.000000        0.000006
   216      188.429143        0.000000      188.429143        0.000000        0.000006
   217      187.708891        0.000000      187.708891        0.000000        0.000007
   218      188.783389        0.000000      188.783389        0.000000        0.000005
   219      187.148391        0.000000      187.148391        0.000000        0.000009
   220      187.724367        0.194248      381.972676        0.000000        0.000012
   221      187.924100        0.000000      187.924100        0.000000        0.000006
   222      187.490493        0.000000      187.490493        0.000000        0.000007
   223      187.512128        0.045174      232.686580        0.000000        0.000010
   224      187.567314        0.000000      187.567314        0.000000        0.000007
   225      187.179327        0.000000      187.179327        0.000000        0.000008
   226      187.443502        0.000000      187.443502        0.000000        0.000006
   227      187.865609        0.000000      187.865609        0.000000        0.000006
   228      187.774347        0.000000      187.774347        0.000000        0.000006
   229      187.953742        0.000000      187.953742        0.000000        0.000008
   230      186.909045        0.000000      186.909045        0.000000        0.000007
   231      187.940625        0.000000      187.940625        0.000000        0.000004
   232      187.341322        0.108490      295.831643        0.000000        0.000011
   233      187.747479        0.000000      187.747479        0.000000        0.000008
   234      187.548666        0.000000      187.548666        0.000000        0.000006
   235      188.406504        0.000000      188.406504        0.000000        0.000006
   236      187.629247        0.000000      187.629247        0.000000        0.000006
   237      188.012846        0.000000      188.012846        0.000000        0.000007
   238      187.452703        0.000000      187.452703        0.000000        0.000008
   239      187.494099        0.000000      187.494099        0.000000        0.000007
   240      188.179766        0.000000      188.179766        0.000000        0.000006
   241      187.377675        0.000000      187.377675        0.000000        0.000008
   242      187.319019        0.000000      187.319019        0.000000        0.000006
   243      188.395694        0.000000      188.395694        0.000000        0.000005
   244      188.265958        0.000000      188.265958        0.000000        0.000006
   245      187.730497        0.000000      187.730497        0.000000        0.000009
   246      187.551434        0.219189      406.740679        0.000000        0.000012
   247      188.128181        0.000000      188.128181        0.000000        0.000004
   248      187.418956        0.000000      187.418956        0.000000        0.000007
   249      187.546407        0.000000      187.546407        0.000000        0.000008
   250      188.286074        0.000000      188.286074        0.000000        0.000006
   251      187.547718        0.000000      187.547718        0.000000        0.000007
   252      188.026876        0.000000      188.026876        0.000000        0.000005
   253      188.571675        0.000000      188.571675        0.000000        0.000006
   254      187.373370        0.000000      187.373370        0.000000        0.000005
   255      187.696083        0.000000      187.696083        0.000000        0.000008
   256      188.271448        0.000000      188.271448        0.000000        0.000007
   257      188.221032        0.000000      188.221032        0.000000        0.000006
   258      188.443271        0.000000      188.443271        0.000000        0.000005
   259      187.813343        0.000000      187.813343        0.000000        0.000008
   260      187.847148        0.000000      187.847148        0.000000        0.000007
   261      187.094119        0.000000      187.094119        0.000000        0.000006
   262      187.577613        0.000000      187.577613        0.000000        0.000007
   263      188.150311        0.418377      606.527412        0.000000        0.000014
   264      187.875919        0.000000      187.875919        0.000000        0.000009
   265      188.101349        0.000000      188.101349        0.000000        0.000008
   266      187.432916        0.000000      187.432916        0.000000        0.000007
   267      187.529020        0.000000      187.529020        0.000000        0.000007
   268      188.042033        0.000000      188.042033        0.000000        0.000008
   269      188.446971        0.000000      188.446971        0.000000        0.000005
   270      187.406872        0.000000      187.406872        0.000000        0.000007
   271      188.277999        0.000000      188.277999        0.000000        0.000009
   272      187.804096        0.000000      187.804096        0.000000        0.000006
   273      187.981259        0.000000      187.981259        0.000000        0.000008
   274      188.020309        0.000000      188.020309        0.000000        0.000007
   275      188.178368        0.000000      188.178368        0.000000        0.000006
   276      187.433584        0.000000      187.433584        0.000000        0.000006
   277      187.601067        0.000000      187.601067        0.000000        0.000006
   278      187.620178        0.000000      187.620178        0.000000        0.000006
   279      187.288494        0.000000      187.288494        0.000000        0.000007
   280      187.500968        0.000000      187.500968        0.000000        0.000010
   281      188.040923        0.000000      188.040923        0.000000        0.000005
   282      187.622128        0.000000      187.622128        0.000000        0.000008
   283      187.714234        0.000000      187.714234        0.000000        0.000007
   284      187.334985        0.000000      187.334985        0.000000        0.000007
   285      187.630415        0.000000      187.630415        0.000000        0.000008
   286      187.955659        0.000000      187.955659        0.000000        0.000007
   287      187.558816        0.000000      187.558816        0.000000        0.000007
   288      187.815547        0.000000      187.815547        0.000000        0.000006
   289      187.962970        0.000000      187.962970        0.000000        0.000006
   290      187.524121        0.000000      187.524121        0.000000        0.000008
   291      188.325885        0.000000      188.325885        0.000000        0.000006
   292      187.443951        0.000000      187.443951        0.000000        0.000007
   293      188.110517        0.000000      188.110517        0.000000        0.000006
   294      187.317424        0.000000      187.317424        0.000000        0.000009
   295      187.362454        0.000000      187.362454        0.000000        0.000007
   296      187.750603        0.049603      237.353371        0.000000        0.000010
   297      187.719542        0.000000      187.719542        0.000000        0.000005
   298      187.976367        0.000000      187.976367        0.000000        0.000007
   299      187.982571        0.000000      187.982571        0.000000        0.000007
   300      187.994349        0.000000      187.994349        0.000000        0.000007
   301      187.369445        0.000000      187.369445        0.000000        0.000009
   302      188.034343        0.000000      188.034343        0.000000        0.000007
   303      187.457141        0.000000      187.457141        0.000000        0.000010
   304      187.823283        0.000000      187.823283        0.000000        0.000007
   305      187.864945        0.000000      187.864945        0.000000        0.000006
   306      187.618023        0.000000      187.618023        0.000000        0.000004
   307      187.575257        0.000000      187.575257        0.000000        0.000006
   308      187.322497        0.440728      628.050495        0.000000        0.000014
   309      188.000049        0.000000      188.000049        0.000000        0.000007
   310      187.976665        0.000000      187.976665        0.000000        0.000006
   311      187.822687        0.000000      187.822687        0.000000        0.000009
   312      187.333411        0.411421      598.754057        0.000000        0.000014
   313      187.858976        0.000000      187.858976        0.000000        0.000008
   314      188.334538        0.000000      188.334538        0.000000        0.000008
   315      187.681159        0.000000      187.681159        0.000000        0.000006
   316      187.603930        0.042220      229.823458        0.000000        0.000010
   317      188.183361        0.000000      188.183361        0.000000        0.000006
   318      187.734679        0.000000      187.734679        0.000000        0.000007
   319      187.795915        0.000000      187.795915        0.000000        0.000008
   320      187.321087        0.007543      194.864227        0.000000        0.000010
   321      188.105503        0.000000      188.105503        0.000000        0.000005
   322      187.513345        0.000000      187.513345        0.000000        0.000009
   323      187.604949        0.000000      187.604949        0.000000        0.000007
   324      187.829924        0.000000      187.829924        0.000000        0.000006
   325      188.457469        0.000000      188.457469        0.000000        0.000006
   326      187.199113        0.000000      187.199113        0.000000        0.000010
   327      187.507524        0.000000      187.507524        0.000000        0.000009
   328      187.843902        0.000000      187.843902        0.000000        0.000009
   329      187.915323        0.000000      187.915323        0.000000        0.000007
   330      187.731328        0.000000      187.731328        0.000000        0.000005
   331      187.482425        0.052730      240.212788        0.000000        0.000011
   332      187.516582        0.000000      187.516582        0.000000        0.000006
   333      187.760563        0.000000      187.760563        0.000000        0.000009
   334      187.253771        0.000000      187.253771        0.000000        0.000008
   335      188.006701        0.000000      188.006701        0.000000        0.000007
   336      187.586144        0.000000      187.586144        0.000000        0.000008
   337      187.598656        0.000000      187.598656        0.000000        0.000006
   338      187.832204        0.000000      187.832204        0.000000        0.000006
   339      187.290470        0.000000      187.290470        0.000000        0.000007
   340      187.876866        0.000000      187.876866        0.000000        0.000010
   341      187.455090        0.000000      187.455090        0.000000        0.000005
   342      188.303911        0.000000      188.303911        0.000000        0.000008
   343      187.667471        0.000000      187.667471        0.000000        0.000006
   344      187.774100        0.000000      187.774100        0.000000        0.000009
   345      187.547413        0.000000      187.547413        0.000000        0.000008
   346      187.764973        0.000000      187.764973        0.000000        0.000007
   347      188.157311        0.000000      188.157311        0.000000        0.000007
   348      188.149745        0.000000      188.149745        0.000000        0.000006
   349      188.179011        0.000000      188.179011        0.000000        0.000007
   350      187.863104        0.000000      187.863104        0.000000        0.000008
   351      187.224581        0.000000      187.224581        0.000000        0.000010
   352      188.469515        0.000000      188.469515        0.000000        0.000004
   353      188.121779        0.000000      188.121779        0.000000        0.000006
   354      188.018348        0.000000      188.018348        0.000000        0.000006
   355      187.860847        0.019704      207.564953        0.000000        0.000010
   356      187.450813        0.000000      187.450813        0.000000        0.000009
   357      187.282433        0.164794      352.076784        0.000000        0.000012
   358      188.491016        0.000000      188.491016        0.000000        0.000005
   359      187.711591        0.000000      187.711591        0.000000        0.000009
   360      188.418940        0.000000      188.418940        0.000000        0.000008
   361      187.854565        0.000000      187.854565        0.000000        0.000006
   362      187.395614        0.000000      187.395614        0.000000        0.000008
   363      187.402097        0.000000      187.402097        0.000000        0.000007
   364      187.474317        0.000000      187.474317        0.000000        0.000007
   365      188.320540        0.000000      188.320540        0.000000        0.000006
   366      188.030422        0.000000      188.030422        0.000000        0.000006
   367      187.748893        0.000000      187.748893        0.000000        0.000005
   368      187.857025        0.000000      187.857025        0.000000        0.000007
   369      188.330051        0.000000      188.330051        0.000000        0.000007
   370      187.686681        0.000000      187.686681        0.000000        0.000008
   371      187.002672        0.000000      187.002672        0.000000        0.000009
   372      187.808764        0.000000      187.808764        0.000000        0.000005
   373      187.603554        0.000000      187.603554        0.000000        0.000008
   374      188.228773        0.000000      188.228773        0.000000        0.000007
   375      188.385164        0.000000      188.385164        0.000000        0.000007
   376      188.335464        0.000000      188.335464        0.000000        0.000004
   377      187.285631        0.000000      187.285631        0.000000        0.000005
   378      188.129696        0.000000      188.129696        0.000000        0.000006
   379      187.929015        0.000000      187.929015        0.000000        0.000007
   380      187.458739        0.000000      187.458739        0.000000        0.000007
   381      187.955820        0.000000      187.955820        0.000000        0.000006
   382      187.620675        0.000000      187.620675        0.000000        0.000006
   383      187.772526        0.176345      364.117800        0.000000        0.000012
   384      187.747162        0.000000      187.747162        0.000000        0.000006
   385      187.676639        0.000000      187.676639        0.000000        0.000008
   386      187.831212        0.000000      187.831212        0.000000        0.000007
   387      187.776578        0.000000      187.776578        0.000000        0.000007
   388      188.581074        0.000000      188.581074        0.000000        0.000007
   389      188.096077        0.000000      188.096077        0.000000        0.000009
   390      187.310542        0.000000      187.310542        0.000000        0.000009
   391      187.749324        0.000000      187.749324        0.000000        0.000006
   392      188.161230        0.000000      188.161230        0.000000        0.000007
   393      188.238051        0.000000      188.238051        0.000000        0.000005
   394      187.640866        0.213496      401.136912        0.000000        0.000012
   395      187.706512        0.000000      187.706512        0.000000        0.000008
   396      188.293600        0.000000      188.293600        0.000000        0.000007
   397      187.680033        0.000000      187.680033        0.000000        0.000005
   398      187.693616        0.000000      187.693616        0.000000        0.000007
   399      187.948634        0.000000      187.948634        0.000000        0.000007
   400      188.093676        0.000000      188.093676        0.000000        0.000007
   401      188.131235        0.000000      188.131235        0.000000        0.000009
   402      187.599655        0.000000      187.599655        0.000000        0.000006
   403      187.147762        0.000000      187.147762        0.000000        0.000007
   404      187.644958        0.000000      187.644958        0.000000        0.000008
   405      188.157220        0.000000      188.157220        0.000000        0.000005
   406      188.205196        0.000000      188.205196        0.000000        0.000006
   407      187.397224        0.000000      187.397224        0.000000        0.000007
   408      187.883350        0.000000      187.883350        0.000000        0.000006
   409      187.580919        0.000000      187.580919        0.000000        0.000007
   410      188.387479        0.000000      188.387479        0.000000        0.000007
   411      187.894852        0.000000      187.894852        0.000000        0.000005
   412      187.935483        0.000000      187.935483        0.000000        0.000006
   413      188.276959        0.000000      188.276959        0.000000        0.000007
   414      187.599825        0.000000      187.599825        0.000000        0.000007
   415      187.334312        0.000000      187.334312        0.000000        0.000007
   416      187.874572        0.000000      187.874572        0.000000        0.000005
   417      188.056179        0.000000      188.056179        0.000000        0.000006
   418      188.012619        0.000000      188.012619        0.000000        0.000008
   419      187.627714        0.000000      187.627714        0.000000        0.000007
   420      187.767247        0.000000      187.767247        0.000000        0.000005
   421      188.599603        0.000000      188.599603        0.000000        0.000005
   422      187.488533        0.000000      187.488533        0.000000        0.000006
   423      187.803174        0.000000      187.803174        0.000000        0.000008
   424      187.511013        0.000000      187.511013        0.000000        0.000007
   425      187.932584        0.000000      187.932584        0.000000        0.000006
   426      187.809924        0.000000      187.809924        0.000000        0.000005
   427      187.442952        0.000000      187.442952        0.000000        0.000009
   428      187.825054        0.000000      187.825054        0.000000        0.000007
   429      187.702577        0.000000      187.702577        0.000000        0.000008
   430      187.874446        0.000000      187.874446        0.000000        0.000005
   431      188.012874        0.000000      188.012874        0.000000        0.000007
   432      188.337763        0.000000      188.337763        0.000000        0.000009
   433      188.200823        0.000000      188.200823        0.000000        0.000010
   434      188.394398        0.000000      188.394398        0.000000        0.000008
   435      187.730369        0.000000      187.730369        0.000000        0.000006
   436      187.423823        0.000000      187.423823        0.000000        0.000006
   437      187.645646        0.000000      187.645646        0.000000        0.000004
   438      188.143819        0.047070      235.213562        0.000000        0.000010
   439      188.339529        0.000000      188.339529        0.000000        0.000008
   440      187.617313        0.000000      187.617313        0.000000        0.000008
   441      187.813863        0.021156      208.970182        0.000000        0.000010
   442      186.870290        0.025928      212.798635        0.000000        0.000010
   443      188.539756        0.000000      188.539756        0.000000        0.000005
   444      188.051771        0.000000      188.051771        0.000000        0.000006
   445      187.876644        0.171985      359.861204        0.000000        0.000012
   446      188.330209        0.000000      188.330209        0.000000        0.000005
   447      187.770797        0.000000      187.770797        0.000000        0.000007
   448      188.477482        0.000000      188.477482        0.000000        0.000006
   449      187.699160        0.000000      187.699160        0.000000        0.000008
   450      187.901168        0.000000      187.901168        0.000000        0.000007
   451      188.066824        0.000000      188.066824        0.000000        0.000007
   452      187.660626        0.000000      187.660626        0.000000        0.000008
   453      187.921163        0.000000      187.921163        0.000000        0.000009
   454      187.679018        0.000000      187.679018        0.000000        0.000005
   455      187.356212        0.333986      521.342018        0.000000        0.000013
   456      188.297619        0.000000      188.297619        0.000000        0.000007
   457      187.605647        0.000000      187.605647        0.000000        0.000007
   458      188.159549        0.000000      188.159549        0.000000        0.000005
   459      187.980093        0.000000      187.980093        0.000000        0.000006
   460      187.765698        0.000000      187.765698        0.000000        0.000006
   461      187.789145        0.000000      187.789145        0.000000        0.000007
   462      187.192348        0.000000      187.192348        0.000000        0.000007
   463      188.064893        0.000000      188.064893        0.000000        0.000007
   464      187.344483        0.000000      187.344483        0.000000        0.000008
   465      187.274701        0.000000      187.274701        0.000000        0.000008
   466      187.744197        0.000000      187.744197        0.000000        0.000005
   467      188.177514        0.000000      188.177514        0.000000        0.000004
   468      188.058995        0.000000      188.058995        0.000000        0.000006
   469      187.886652        0.000000      187.886652        0.000000        0.000007
   470      187.602331        0.000000      187.602331        0.000000        0.000009
   471      187.334264        0.000000      187.334264        0.000000        0.000010
   472      187.187035        0.000000      187.187035        0.000000        0.000006
   473      187.591825        0.000000      187.591825        0.000000        0.000009
   474      187.555264        0.000000      187.555264        0.000000        0.000008
   475      187.760388        0.076621      264.381011        0.000000        0.000011
   476      187.955398        0.000000      187.955398        0.000000        0.000007
   477      187.531594        0.000000      187.531594        0.000000        0.000007
   478      187.833810        0.000000      187.833810        0.000000        0.000007
   479      187.973783        0.000000      187.973783        0.000000        0.000008
   480      188.034028        0.000000      188.034028        0.000000        0.000006
   481      187.539120        0.000000      187.539120        0.000000        0.000006
   482      187.020582        0.000000      187.020582        0.000000        0.000009
   483      187.661011        0.000000      187.661011        0.000000        0.000006
   484      188.227943        0.000000      188.227943        0.000000        0.000006
   485      187.726906        0.000000      187.726906        0.000000        0.000009
   486      187.560729        0.000000      187.560729        0.000000        0.000008
   487      187.735869        0.000000      187.735869        0.000000        0.000005
   488      188.297849        0.000000      188.297849        0.000000        0.000005
   489      187.937941        0.000000      187.937941        0.000000        0.000006
   490      187.477448        0.000000      187.477448        0.000000        0.000009
   491      187.921438        0.000000      187.921438        0.000000        0.000006
   492      188.423561        0.000000      188.423561        0.000000        0.000006
   493      187.781570        0.000000      187.781570        0.000000        0.000006
   494      187.119888        0.000000      187.119888        0.000000        0.000008
   495      186.933916        0.000000      186.933916        0.000000        0.000009
   496      187.883097        0.000000      187.883097        0.000000        0.000007
   497      188.271061        0.000000      188.271061        0.000000        0.000006
   498      187.378850        0.171563      358.942325        0.000000        0.000012
   499      187.723375        0.000000      187.723375        0.000000        0.000008
   500      187.730707        0.000000      187.730707        0.000000        0.000006
   501      187.826228        0.000000      187.826228        0.000000        0.000006
   502      187.497304        0.000000      187.497304        0.000000        0.000007
   503      188.416757        0.000000      188.416757        0.000000        0.000007
   504      187.859535        0.000000      187.859535        0.000000        0.000008
   505      188.503397        0.000000      188.503397        0.000000        0.000007
   506      187.484099        0.000000      187.484099        0.000000        0.000008
   507      187.655278        0.000000      187.655278        0.000000        0.000006
   508      187.977404        0.000000      187.977404        0.000000        0.000010
   509      187.953954        0.000000      187.953954        0.000000        0.000008
   510      187.888169        0.000000      187.888169        0.000000        0.000008
   511      187.312491        0.000000      187.312491        0.000000        0.000007
   512      188.029092        0.000000      188.029092        0.000000        0.000009
   513      187.438677        0.000000      187.438677        0.000000        0.000006
   514      187.676360        0.000000      187.676360        0.000000        0.000007
   515      187.351570        0.000000      187.351570        0.000000        0.000007
   516      187.747113        0.000000      187.747113        0.000000        0.000009
   517      188.444451        0.000000      188.444451        0.000000        0.000006
   518      188.070750        0.000000      188.070750        0.000000        0.000007
   519      187.869596        0.000000      187.869596        0.000000        0.000007
   520      187.183391        0.133349      320.532387        0.000000        0.000011
   521      187.528938        0.000000      187.528938        0.000000        0.000007
   522      187.103064        0.000000      187.103064        0.000000        0.000009
   523      188.085424        0.000000      188.085424        0.000000        0.000005
   524      188.280742        0.000000      188.280742        0.000000        0.000007
   525      187.978818        0.000000      187.978818        0.000000        0.000008
   526      187.486205        0.000000      187.486205        0.000000        0.000009
   527      187.351543        0.000000      187.351543        0.000000        0.000009
   528      187.580988        0.000000      187.580988        0.000000        0.000008
   529      188.288675        0.000000      188.288675        0.000000        0.000007
   530      187.923587        0.000000      187.923587        0.000000        0.000008
   531      187.899930        0.000000      187.899930        0.000000        0.000008
   532      187.770523        0.000000      187.770523        0.000000        0.000009
   533      187.452820        0.000000      187.452820        0.000000        0.000010
   534      187.359597        0.000000      187.359597        0.000000        0.000006
   535      187.553648        0.000000      187.553648        0.000000        0.000007
   536      188.285237        0.000000      188.285237        0.000000        0.000006
   537      187.929567        0.000000      187.929567        0.000000        0.000009
   538      188.413765        0.000000      188.413765        0.000000        0.000006
   539      187.892704        0.000000      187.892704        0.000000        0.000009
   540      187.437501        0.000000      187.437501        0.000000        0.000010
   541      187.426708        0.000000      187.426708        0.000000        0.000010
   542      187.401029        0.000000      187.401029        0.000000        0.000009
   543      188.189430        0.000000      188.189430        0.000000        0.000008
   544      187.768247        0.000000      187.768247        0.000000        0.000007
   545      188.030765        0.000000      188.030765        0.000000        0.000008
   546      187.328481        0.000000      187.328481        0.000000        0.000008
   547      187.776667        0.166640      354.416625        0.000000        0.000012
   548      187.366487        0.000000      187.366487        0.000000        0.000006
   549      187.602865        0.000000      187.602865        0.000000        0.000005
   550      188.097482        0.000000      188.097482        0.000000        0.000007
   551      187.281579        0.000000      187.281579        0.000000        0.000007
   552      187.443246        0.000000      187.443246        0.000000        0.000007
   553      187.756454        0.000000      187.756454        0.000000        0.000008
   554      188.173234        0.000000      188.173234        0.000000        0.000006
   555      187.898262        0.000000      187.898262        0.000000        0.000006
   556      187.953225        0.103596      291.549349        0.000000        0.000011
   557      187.752194        0.000000      187.752194        0.000000        0.000006
   558      187.929551        0.000000      187.929551        0.000000        0.000007
   559      187.758798        0.000000      187.758798        0.000000        0.000006
   560      187.551075        0.000000      187.551075        0.000000        0.000006
   561      188.201723        0.000000      188.201723        0.000000        0.000006
   562      187.118820        0.000000      187.118820        0.000000        0.000010
   563      187.922093        0.041415      229.336917        0.000000        0.000010
   564      187.559338        0.000000      187.559338        0.000000        0.000006
   565      187.779322        0.000000      187.779322        0.000000        0.000006
   566      187.963103        0.000000      187.963103        0.000000        0.000004
   567      187.925830        0.333606      521.532090        0.000000        0.000013
   568      188.467853        0.000000      188.467853        0.000000        0.000007
   569      188.433659        0.000000      188.433659        0.000000        0.000007
   570      188.266106        0.000000      188.266106        0.000000        0.000006
   571      187.484185        0.000000      187.484185        0.000000        0.000007
   572      188.060645        0.000000      188.060645        0.000000        0.000007
   573      187.780236        0.000000      187.780236        0.000000        0.000007
   574      187.673192        0.000000      187.673192        0.000000        0.000008
   575      187.545653        0.000000      187.545653        0.000000        0.000010
   576      187.744353        0.000000      187.744353        0.000000        0.000007
   577      187.506558        0.062946      250.452915        0.000000        0.000011
   578      188.055006        0.000000      188.055006        0.000000        0.000006
   579      187.762394        0.000000      187.762394        0.000000        0.000007
   580      187.944030        0.000000      187.944030        0.000000        0.000006
   581      187.737217        0.000000      187.737217        0.000000        0.000009
   582      187.841542        0.000000      187.841542        0.000000        0.000005
   583      188.128169        0.000000      188.128169        0.000000        0.000005
   584      187.713585        0.000000      187.713585        0.000000        0.000007
   585      187.872676        0.000000      187.872676        0.000000        0.000007
   586      188.222212        0.000000      188.222212        0.000000        0.000005
   587      188.067951        0.000000      188.067951        0.000000        0.000005
   588      187.813517        0.000000      187.813517        0.000000        0.000008
   589      187.493074        0.000000      187.493074        0.000000        0.000008
   590      188.361884        0.000000      188.361884        0.000000        0.000006
   591      187.983599        0.000000      187.983599        0.000000        0.000008
   592      187.796580        0.000000      187.796580        0.000000        0.000006
   593      187.373941        0.000000      187.373941        0.000000        0.000008
   594      188.455861        0.000000      188.455861        0.000000        0.000005
   595      187.920654        0.000000      187.920654        0.000000        0.000006
   596      187.713626        0.000000      187.713626        0.000000        0.000008
   597      187.708299        0.000000      187.708299        0.000000        0.000007
   598      187.552116        0.000000      187.552116        0.000000        0.000006
   599      187.947841        0.000000      187.947841        0.000000        0.000007
   600      188.060397        0.000000      188.060397        0.000000        0.000005
   601      187.068904        0.000000      187.068904        0.000000        0.000007
   602      187.882583        0.000000      187.882583        0.000000        0.000007
   603      187.968448        0.000000      187.968448        0.000000        0.000006
   604      187.027849        0.000000      187.027849        0.000000        0.000006
   605      187.770200        0.000000      187.770200        0.000000        0.000005
   606      188.221806        0.000000      188.221806        0.000000        0.000007
   607      187.842629        0.000000      187.842629        0.000000        0.000007
   608      187.843696        0.000000      187.843696        0.000000        0.000009
   609      187.641882        0.000000      187.641882        0.000000        0.000006
   610      187.783876        0.000000      187.783876        0.000000        0.000005
   611      187.525463        0.000000      187.525463        0.000000        0.000006
   612      187.652105        0.000000      187.652105        0.000000        0.000009
   613      187.505446        0.000000      187.505446        0.000000        0.000007
   614      188.145204        0.000000      188.145204        0.000000        0.000007
   615      187.681420        0.000000      187.681420        0.000000        0.000008
   616      187.410195        0.198134      385.544376        0.000000        0.000012
   617      188.048827        0.637830      825.878802        0.000000        0.000016
   618      187.121152        0.000000      187.121152        0.000000        0.000009
   619      187.441146        0.000000      187.441146        0.000000        0.000009
   620      188.033413        0.000000      188.033413        0.000000        0.000007
   621      187.905834        0.000000      187.905834        0.000000        0.000005
   622      187.929639        0.000000      187.929639        0.000000        0.000005
   623      187.696303        0.000000      187.696303        0.000000        0.000007
   624      188.371633        0.000000      188.371633        0.000000        0.000008
   625      186.956619        0.000000      186.956619        0.000000        0.000010
   626      187.737529        0.053276      241.013592        0.000000        0.000011
   627      187.047871        0.000000      187.047871        0.000000        0.000008
   628      187.701968        0.000000      187.701968        0.000000        0.000007
   629      188.348096        0.000000      188.348096        0.000000        0.000005
   630      188.118042        0.000000      188.118042        0.000000        0.000006
   631      187.657032        0.000000      187.657032        0.000000        0.000009
   632      187.373963        0.000000      187.373963        0.000000        0.000007
   633      187.720821        0.000000      187.720821        0.000000        0.000006
   634      187.692476        0.000000      187.692476        0.000000        0.000007
   635      187.945903        0.000000      187.945903        0.000000        0.000007
   636      187.896855        0.000000      187.896855        0.000000        0.000008
   637      187.795687        0.000000      187.795687        0.000000        0.000009
   638      187.933191        0.000000      187.933191        0.000000        0.000010
   639      188.287711        0.000000      188.287711        0.000000        0.000006
   640      188.050463        0.000000      188.050463        0.000000        0.000006
   641      187.580338        0.000000      187.580338        0.000000        0.000006
   642      187.639964        0.000000      187.639964        0.000000        0.000006
   643      187.563948        0.000000      187.563948        0.000000        0.000008
   644      187.823996        0.000000      187.823996        0.000000        0.000009
   645      187.846802        0.000000      187.846802        0.000000        0.000005
   646      188.367183        0.000000      188.367183        0.000000        0.000006
   647      188.380401        0.000000      188.380401        0.000000        0.000008
   648      187.621167        0.000000      187.621167        0.000000        0.000008
   649      188.726600        0.000000      188.726600        0.000000        0.000006
   650      187.652967        0.000000      187.652967        0.000000        0.000008
   651      187.955829        0.000000      187.955829        0.000000        0.000007
   652      187.594555        0.000000      187.594555        0.000000        0.000006
   653      188.383819        0.000000      188.383819        0.000000        0.000007
   654      187.846623        0.076389      264.235934        0.000000        0.000011
   655      187.904688        0.000000      187.904688        0.000000        0.000007
   656      188.115849        0.000000      188.115849        0.000000        0.000009
   657      187.682267        0.000000      187.682267        0.000000        0.000009
   658      187.151841        0.000000      187.151841        0.000000        0.000007
   659      187.703613        0.000000      187.703613        0.000000        0.000008
   660      188.205189        0.000000      188.205189        0.000000        0.000010
   661      187.800932        0.000000      187.800932        0.000000        0.000007
   662      187.764721        0.000000      187.764721        0.000000        0.000010
   663      188.109583        0.000000      188.109583        0.000000        0.000005
   664      187.222359        0.000000      187.222359        0.000000        0.000009
   665      188.242233        0.000000      188.242233        0.000000        0.000007
   666      187.890747        0.000000      187.890747        0.000000        0.000008
   667      187.177000        0.000000      187.177000        0.000000        0.000006
   668      187.799214        0.000000      187.799214        0.000000        0.000006
   669      188.003722        0.000000      188.003722        0.000000        0.000005
   670      187.379599        0.000000      187.379599        0.000000        0.000009
   671      187.394548        0.000000      187.394548        0.000000        0.000010
   672      187.889063        0.000000      187.889063        0.000000        0.000007
   673      188.022528        0.000000      188.022528        0.000000        0.000006
   674      188.062042        0.000000      188.062042        0.000000        0.000008
   675      188.171230        0.000000      188.171230        0.000000        0.000005
   676      187.601792        0.000000      187.601792        0.000000        0.000008
   677      186.931804        0.442153      629.085138        0.000000        0.000014
   678      187.898625        0.000000      187.898625        0.000000        0.000010
   679      187.339553        0.000000      187.339553        0.000000        0.000009
   680      187.915860        0.000000      187.915860        0.000000        0.000006
   681      187.248730        0.000000      187.248730        0.000000        0.000010
   682      187.754104        0.000000      187.754104        0.000000        0.000006
   683      188.327539        0.000000      188.327539        0.000000        0.000006
   684      188.155660        0.000000      188.155660        0.000000        0.000005
   685      187.457477        0.000000      187.457477        0.000000        0.000007
   686      188.558340        0.000000      188.558340        0.000000        0.000006
   687      187.557920        0.017894      205.452257        0.000000        0.000010
   688      188.612928        0.000000      188.612928        0.000000        0.000006
   689      187.768597        0.025121      212.889794        0.000000        0.000010
   690      188.106534        0.000000      188.106534        0.000000        0.000005
   691      187.948116        0.000000      187.948116        0.000000        0.000008
   692      187.539986        0.000000      187.539986        0.000000        0.000007
   693      188.394801        0.000000      188.394801        0.000000        0.000007
   694      188.047814        0.000000      188.047814        0.000000        0.000009
   695      187.348570        0.000000      187.348570        0.000000        0.000010
   696      187.828806        0.000000      187.828806        0.000000        0.000006
   697      188.292466        0.000000      188.292466        0.000000        0.000007
   698      187.295319        0.125102      312.397728        0.000000        0.000011
   699      187.237254        0.000000      187.237254        0.000000        0.000007
   700      187.703471        0.000000      187.703471        0.000000        0.000006
   701      188.049084        0.000000      188.049084        0.000000        0.000008
   702      187.831641        0.000000      187.831641        0.000000        0.000008
   703      187.772258        0.000000      187.772258        0.000000        0.000007
   704      187.923915        0.000000      187.923915        0.000000        0.000007
   705      187.576642        0.000000      187.576642        0.000000        0.000009
   706      187.668817        0.000000      187.668817        0.000000        0.000006
   707      187.072094        0.004114      191.186281        0.000000        0.000010
   708      187.881771        0.110474      298.355346        0.000000        0.000011
   709      187.453641        0.000000      187.453641        0.000000        0.000009
   710      188.220760        0.000000      188.220760        0.000000        0.000007
   711      188.353928        0.000000      188.353928        0.000000        0.000004
   712      188.287092        0.000000      188.287092        0.000000        0.000004
   713      187.942225        0.000000      187.942225        0.000000        0.000005
   714      187.928130        0.000000      187.928130        0.000000        0.000006
   715      187.942790        0.000000      187.942790        0.000000        0.000008
   716      187.258651        0.000000      187.258651        0.000000        0.000008
   717      188.751344        0.000000      188.751344        0.000000        0.000003
   718      187.383156        0.000000      187.383156        0.000000        0.000008
   719      188.274781        0.000000      188.274781        0.000000        0.000007
   720      188.128999        0.000000      188.128999        0.000000        0.000007
   721      187.074343        0.341260      528.334250        0.000000        0.000013
   722      187.805901        0.000000      187.805901        0.000000        0.000010
   723      187.657932        0.000000      187.657932        0.000000        0.000009
   724      188.096636        0.000000      188.096636        0.000000        0.000010
   725      187.737776        0.000000      187.737776        0.000000        0.000004
   726      187.913522        0.000000      187.913522        0.000000        0.000007
   727      187.928288        0.000000      187.928288        0.000000        0.000008
   728      187.109155        0.000000      187.109155        0.000000        0.000010
   729      187.610200        0.000000      187.610200        0.000000        0.000006
   730      187.630299        0.000000      187.630299        0.000000        0.000009
   731      187.659468        0.000000      187.659468        0.000000        0.000009
   732      188.793245        0.000000      188.793245        0.000000        0.000006
   733      187.926846        0.000000      187.926846        0.000000        0.000006
   734      188.061295        0.000000      188.061295        0.000000        0.000006
   735      188.280247        0.000000      188.280247        0.000000        0.000004
   736      187.784290        0.000000      187.784290        0.000000        0.000008
   737      187.371105        0.000000      187.371105        0.000000        0.000006
   738      188.375377        0.000000      188.375377        0.000000        0.000005
   739      187.613351        0.000000      187.613351        0.000000        0.000008
   740      187.857466        0.000000      187.857466        0.000000        0.000006
   741      187.448536        0.000000      187.448536        0.000000        0.000008
   742      187.839503        0.000000      187.839503        0.000000        0.000007
   743      187.784394        0.000000      187.784394        0.000000        0.000006
   744      187.745900        0.000000      187.745900        0.000000        0.000006
   745      188.144400        0.000000      188.144400        0.000000        0.000007
   746      188.275114        0.000000      188.275114        0.000000        0.000007
   747      187.355484        0.000000      187.355484        0.000000        0.000010
   748      187.741322        0.000000      187.741322        0.000000        0.000008
   749      187.291670        0.048326      235.618151        0.000000        0.000010
   750      187.698151        0.000000      187.698151        0.000000        0.000007
   751      187.893393        0.000000      187.893393        0.000000        0.000008
   752      187.627785        0.000000      187.627785        0.000000        0.000007
   753      187.558687        0.000000      187.558687        0.000000        0.000008
   754      187.782542        0.000000      187.782542        0.000000        0.000006
   755      186.972656        0.000271      187.243323        0.000000        0.000010
   756      188.026794        0.000000      188.026794        0.000000        0.000008
   757      188.117310        0.000000      188.117310        0.000000        0.000006
   758      188.349456        0.000000      188.349456        0.000000        0.000008
   759      187.201973        0.000000      187.201973        0.000000        0.000007
   760      187.592945        0.000000      187.592945        0.000000        0.000006
   761      187.524007        0.000000      187.524007        0.000000        0.000007
   762      187.584528        0.000000      187.584528        0.000000        0.000007
   763      188.097756        0.000000      188.097756        0.000000        0.000005
   764      188.295786        0.000000      188.295786        0.000000        0.000009
   765      188.786683        0.000000      188.786683        0.000000        0.000006
   766      187.785713        0.000000      187.785713        0.000000        0.000009
   767      187.999978        0.000000      187.999978        0.000000        0.000005
   768      188.340344        0.000000      188.340344        0.000000        0.000008
   769      187.783415        0.000000      187.783415        0.000000        0.000008
   770      188.049188        0.000000      188.049188        0.000000        0.000006
   771      187.579479        0.000000      187.579479        0.000000        0.000008
   772      187.869059        0.000000      187.869059        0.000000        0.000007
   773      188.447169        0.000000      188.447169        0.000000        0.000007
   774      188.311595        0.000000      188.311595        0.000000        0.000006
   775      187.529850        0.000000      187.529850        0.000000        0.000005
   776      187.391723        0.000000      187.391723        0.000000        0.000007
   777      188.095362        0.000000      188.095362        0.000000        0.000007
   778      187.385572        0.000000      187.385572        0.000000        0.000009
   779      187.685115        0.000000      187.685115        0.000000        0.000005
   780      188.072230        0.065935      254.007719        0.000000        0.000011
   781      187.365285        0.000000      187.365285        0.000000        0.000008
   782      187.420254        0.000000      187.420254        0.000000        0.000009
   783      187.735414        0.000000      187.735414        0.000000        0.000006
   784      187.553035        0.000000      187.553035        0.000000        0.000006
   785      188.045981        0.000000      188.045981        0.000000        0.000007
   786      188.012812        0.000000      188.012812        0.000000        0.000007
   787      188.193099        0.000000      188.193099        0.000000        0.000006
   788      187.956448        0.000000      187.956448        0.000000        0.000008
   789      187.938327        0.077975      265.913427        0.000000        0.000011
   790      188.098655        0.000000      188.098655        0.000000        0.000007
   791      187.303938        0.000000      187.303938        0.000000        0.000007
   792      187.894096        0.000000      187.894096        0.000000        0.000007
   793      187.080218        0.000000      187.080218        0.000000        0.000008
   794      187.204651        0.423884      611.088435        0.000000        0.000014
   795      187.393175        0.000000      187.393175        0.000000        0.000006
   796      188.006389        0.000000      188.006389        0.000000        0.000006
   797      187.737410        0.427292      615.028969        0.000000        0.000014
   798      187.356430        0.006633      193.988983        0.000000        0.000010
   799      187.525620        0.000000      187.525620        0.000000        0.000008
   800      187.213573        0.000000      187.213573        0.000000        0.000009
   801      187.906649        0.000000      187.906649        0.000000        0.000007
   802      187.591566        0.000000      187.591566        0.000000        0.000005
   803      187.664031        0.000000      187.664031        0.000000        0.000009
   804      187.533304        0.073475      261.008414        0.000000        0.000011
   805      187.834473        0.000000      187.834473        0.000000        0.000006
   806      187.329164        0.000000      187.329164        0.000000        0.000006
   807      187.931978        0.000000      187.931978        0.000000        0.000008
   808      187.708010        0.000000      187.708010        0.000000        0.000009
   809      187.717398        0.000000      187.717398        0.000000        0.000006
   810      187.168979        0.000000      187.168979        0.000000        0.000009
   811      188.466089        0.000000      188.466089        0.000000        0.000007
   812      187.990118        0.000000      187.990118        0.000000        0.000007
   813      188.008915        0.000000      188.008915        0.000000        0.000005
   814      188.229893        0.000000      188.229893        0.000000        0.000005
   815      187.415976        0.000000      187.415976        0.000000        0.000008
   816      188.019332        0.000000      188.019332        0.000000        0.000005
   817      187.947331        0.000000      187.947331        0.000000        0.000005
   818      187.404154        0.000000      187.404154        0.000000        0.000008
   819      187.880559        0.000000      187.880559        0.000000        0.000005
   820      187.989045        0.000000      187.989045        0.000000        0.000006
   821      187.025174        0.057649      244.674168        0.000000        0.000011
   822      187.901272        0.000000      187.901272        0.000000        0.000008
   823      187.841337        0.000000      187.841337        0.000000        0.000009
   824      187.709524        0.000000      187.709524        0.000000        0.000007
   825      187.372470        0.000000      187.372470        0.000000        0.000008
   826      187.788604        0.000000      187.788604        0.000000        0.000006
   827      188.796743        0.000000      188.796743        0.000000        0.000005
   828      187.892199        0.000000      187.892199        0.000000        0.000007
   829      188.347219        0.000000      188.347219        0.000000        0.000005
   830      187.706742        0.000000      187.706742        0.000000        0.000009
   831      188.810419        0.000000      188.810419        0.000000        0.000005
   832      188.328788        0.000000      188.328788        0.000000        0.000009
   833      187.242775        0.000000      187.242775        0.000000        0.000008
   834      187.959248        0.000000      187.959248        0.000000        0.000007
   835      187.709428        0.000000      187.709428        0.000000        0.000008
   836      188.798483        0.000000      188.798483        0.000000        0.000005
   837      187.931398        0.057986      245.917586        0.000000        0.000011
   838      187.712719        0.000000      187.712719        0.000000        0.000009
   839      187.430984        0.000000      187.430984        0.000000        0.000007
   840      187.649450        0.000000      187.649450        0.000000        0.000009
   841      187.160218        0.087758      274.918009        0.000000        0.000011
   842      187.979247        0.000000      187.979247        0.000000        0.000007
   843      187.894583        0.000000      187.894583        0.000000        0.000007
   844      188.241786        0.000000      188.241786        0.000000        0.000007
   845      187.470302        0.000000      187.470302        0.000000        0.000008
   846      188.029384        0.000000      188.029384        0.000000        0.000006
   847      188.337180        0.000000      188.337180        0.000000        0.000007
   848      188.496396        0.000000      188.496396        0.000000        0.000005
   849      187.547583        0.000000      187.547583        0.000000        0.000007
   850      187.859858        0.000000      187.859858        0.000000        0.000006
   851      188.196642        0.000000      188.196642        0.000000        0.000003
   852      188.114870        0.000000      188.114870        0.000000        0.000009
   853      187.476921        0.000000      187.476921        0.000000        0.000007
   854      187.468558        0.000000      187.468558        0.000000        0.000008
   855      187.514976        0.000000      187.514976        0.000000        0.000007
   856      187.562942        0.000000      187.562942        0.000000        0.000008
   857      187.543371        0.000000      187.543371        0.000000        0.000009
   858      186.823356        0.092802      279.625207        0.000000        0.000011
   859      187.745616        0.000000      187.745616        0.000000        0.000007
   860      187.360061        0.000000      187.360061        0.000000        0.000006
   861      187.946454        0.000000      187.946454        0.000000        0.000010
   862      188.522850        0.000000      188.522850        0.000000        0.000005
   863      188.250933        0.000000      188.250933        0.000000        0.000007
   864      187.610003        0.000000      187.610003        0.000000        0.000006
   865      187.745361        0.000000      187.745361        0.000000        0.000008
   866      187.615406        0.415526      603.141834        0.000000        0.000014
   867      188.238268        0.000000      188.238268        0.000000        0.000006
   868      187.805468        0.000000      187.805468        0.000000        0.000006
   869      187.877486        0.000000      187.877486        0.000000        0.000006
   870      187.518523        0.000000      187.518523        0.000000        0.000008
   871      187.942780        0.000000      187.942780        0.000000        0.000006
   872      187.485936        0.000000      187.485936        0.000000        0.000008
   873      188.174283        0.000000      188.174283        0.000000        0.000008
   874      187.725479        0.000000      187.725479        0.000000        0.000008
   875      188.382635        0.000000      188.382635        0.000000        0.000009
   876      188.212901        0.000000      188.212901        0.000000        0.000007
   877      187.393638        0.000000      187.393638        0.000000        0.000007
   878      187.961713        0.000000      187.961713        0.000000        0.000007
   879      187.257520        0.000000      187.257520        0.000000        0.000007
   880      187.535874        0.000000      187.535874        0.000000        0.000006
   881      187.436054        0.000000      187.436054        0.000000        0.000006
   882      187.339534        0.000000      187.339534        0.000000        0.000008
   883      187.758702        0.000000      187.758702        0.000000        0.000006
   884      187.392021        0.000000      187.392021        0.000000        0.000009
   885      187.428511        0.000000      187.428511        0.000000        0.000009
   886      187.977167        0.000000      187.977167        0.000000        0.000008
   887      187.803704        0.000000      187.803704        0.000000        0.000006
   888      187.590181        0.000000      187.590181        0.000000        0.000008
   889      188.383346        0.000000      188.383346        0.000000        0.000005
   890      187.794713        0.000000      187.794713        0.000000        0.000006
   891      187.497949        0.000000      187.497949        0.000000        0.000010
   892      187.606853        0.000000      187.606853        0.000000        0.000008
   893      187.553249        0.158836      346.389696        0.000000        0.000012
   894      187.778163        0.000000      187.778163        0.000000        0.000006
   895      187.654028        0.000000      187.654028        0.000000        0.000007
   896      187.127315        0.000000      187.127315        0.000000        0.000007
   897      188.068821        0.000000      188.068821        0.000000        0.000006
   898      187.806151        0.045811      233.617525        0.000000        0.000010
   899      188.214025        0.000000      188.214025        0.000000        0.000007
   900      188.414711        0.000000      188.414711        0.000000        0.000007
   901      187.655693        0.000000      187.655693        0.000000        0.000007
   902      187.183729        0.000000      187.183729        0.000000        0.000009
   903      187.371807        0.000000      187.371807        0.000000        0.000006
   904      187.626575        0.000000      187.626575        0.000000        0.000008
   905      187.683739        0.000000      187.683739        0.000000        0.000009
   906      188.209337        0.000000      188.209337        0.000000        0.000006
   907      187.822494        0.000000      187.822494        0.000000        0.000005
   908      187.464569        0.000000      187.464569        0.000000        0.000007
   909      187.727002        0.000000      187.727002        0.000000        0.000006
   910      187.954223        0.000000      187.954223        0.000000        0.000009
   911      187.691270        0.000000      187.691270        0.000000        0.000008
   912      188.271585        0.000000      188.271585        0.000000        0.000006
   913      188.172391        0.000000      188.172391        0.000000        0.000007
   914      188.471150        0.000000      188.471150        0.000000        0.000006
   915      187.189363        0.000000      187.189363        0.000000        0.000008
   916      187.717967        0.000000      187.717967        0.000000        0.000009
   917      187.876717        0.000000      187.876717        0.000000        0.000005
   918      187.527649        0.000000      187.527649        0.000000        0.000007
   919      187.543882        0.000000      187.543882        0.000000        0.000007
   920      187.616374        0.000000      187.616374        0.000000        0.000009
   921      187.781152        0.000000      187.781152        0.000000        0.000006
   922      188.307136        0.000000      188.307136        0.000000        0.000005
   923      187.370403        0.000000      187.370403        0.000000        0.000006
   924      187.048985        0.000000      187.048985        0.000000        0.000008
   925      188.062457        0.000000      188.062457        0.000000        0.000006
   926      187.738779        0.002200      189.938944        0.000000        0.000010
   927      187.763046        0.000000      187.763046        0.000000        0.000007
   928      187.783736        0.000000      187.783736        0.000000        0.000005
   929      187.916741        0.000000      187.916741        0.000000        0.000005
   930      187.597765        0.000000      187.597765        0.000000        0.000009
   931      187.677038        0.000000      187.677038        0.000000        0.000007
   932      187.214410        0.000000      187.214410        0.000000        0.000009
   933      188.691147        0.000000      188.691147        0.000000        0.000007
   934      187.667046        0.142412      330.078735        0.000000        0.000011
   935      187.962035        0.000000      187.962035        0.000000        0.000007
   936      188.567381        0.000000      188.567381        0.000000        0.000005
   937      187.770137        0.000000      187.770137        0.000000        0.000007
   938      187.937833        0.000000      187.937833        0.000000        0.000006
   939      188.026014        0.000000      188.026014        0.000000        0.000008
   940      188.087516        0.000000      188.087516        0.000000        0.000006
   941      187.850263        0.000000      187.850263        0.000000        0.000007
   942      187.418864        0.000000      187.418864        0.000000        0.000009
   943      188.127251        0.000000      188.127251        0.000000        0.000006
   944      188.356711        0.000000      188.356711        0.000000        0.000006
   945      187.815040        0.000000      187.815040        0.000000        0.000010
   946      187.629734        0.000000      187.629734        0.000000        0.000007
   947      187.524051        0.000000      187.524051        0.000000        0.000010
   948      188.410894        0.000000      188.410894        0.000000        0.000009
   949      187.532276        0.000000      187.532276        0.000000        0.000009
   950      187.312247        0.000000      187.312247        0.000000        0.000009
   951      187.959445        0.000000      187.959445        0.000000        0.000006
   952      187.318700        0.000000      187.318700        0.000000        0.000009
   953      187.717520        0.000000      187.717520        0.000000        0.000006
   954      187.928208        0.000000      187.928208        0.000000        0.000007
   955      187.509602        0.104619      292.128711        0.000000        0.000011
   956      187.466750        0.130629      318.096204        0.000000        0.000011
   957      187.460124        0.000000      187.460124        0.000000        0.000007
   958      187.643015        0.000000      187.643015        0.000000        0.000005
   959      187.840565        0.000000      187.840565        0.000000        0.000009
   960      187.893679        0.000000      187.893679        0.000000        0.000006
   961      187.754561        0.000000      187.754561        0.000000        0.000006
   962      187.750292        0.000000      187.750292        0.000000        0.000008
   963      187.769215        0.000000      187.769215        0.000000        0.000007
   964      188.186384        0.000000      188.186384        0.000000        0.000005
   965      187.614638        0.000000      187.614638        0.000000        0.000008
   966      187.871651        0.065248      253.119721        0.000000        0.000011
   967      188.042154        0.000000      188.042154        0.000000        0.000007
   968      188.245175        0.117472      305.717557        0.000000        0.000011
   969      188.677620        0.000000      188.677620        0.000000        0.000005
   970      187.553060        0.000000      187.553060        0.000000        0.000007
   971      187.400382        0.131797      319.197797        0.000000        0.000011
   972      187.885059        0.000000      187.885059        0.000000        0.000007
   973      187.837828        0.000000      187.837828        0.000000        0.000009
   974      187.285993        0.178075      365.361218        0.000000        0.000012
   975      187.636512        0.084155      271.791053        0.000000        0.000011
   976      188.295859        0.000000      188.295859        0.000000        0.000005
   977      187.110429        0.000000      187.110429        0.000000        0.000007
   978      188.120765        0.000000      188.120765        0.000000        0.000005
   979      188.109732        0.000000      188.109732        0.000000        0.000008
   980      187.655498        0.000000      187.655498        0.000000        0.000006
   981      187.662855        0.000000      187.662855        0.000000        0.000006
   982      187.524087        0.000000      187.524087        0.000000        0.000007
   983      188.356586        0.000000      188.356586        0.000000        0.000006
   984      187.468129        0.000000      187.468129        0.000000        0.000007
   985      187.551815        0.000000      187.551815        0.000000        0.000008
   986      187.937296        0.000000      187.937296        0.000000        0.000009
   987      187.970497        0.000000      187.970497        0.000000        0.000007
   988      187.766432        0.000000      187.766432        0.000000        0.000008
   989      187.700878        0.000000      187.700878        0.000000        0.000007
   990      187.687078        0.000000      187.687078        0.000000        0.000009
   991      187.881145        0.000000      187.881145        0.000000        0.000008
   992      187.918896        0.000000      187.918896        0.000000        0.000007
   993      187.719655        0.000000      187.719655        0.000000        0.000009
   994      187.279742        0.000000      187.279742        0.000000        0.000007
   995      187.850486        0.000000      187.850486        0.000000        0.000006
   996      188.502792        0.000000      188.502792        0.000000        0.000005
   997      187.289553        0.000000      187.289553        0.000000        0.000009
   998      187.042570        0.000000      187.042570        0.000000        0.000007
   999      187.709064        0.000000      187.709064        0.000000        0.000005
  1000      186.945144        0.000000      186.945144        0.000000        0.000008
