     1      188.072961        0.000000      188.072961        0.000000        0.000006
     2      187.797159        0.000000      187.797159        0.000000        0.000007
     3      188.743850        0.000000      188.743850        0.000000        0.000006
     4      187.893816        0.000000      187.893816        0.000000        0.000008
     5      188.381045        0.000000      188.381045        0.000000        0.000006
     6      187.770344        0.000000      187.770344        0.000000        0.000006
     7      188.588971        0.000000      188.588971        0.000000        0.000005
     8      189.479862        0.000000      189.479862        0.000000        0.000005
     9      187.930608        0.000000      187.930608        0.000000        0.000005
    10      188.508409        0.000000      188.508409        0.000000        0.000006
    11      187.468511        0.000000      187.468511        0.000000        0.000006
    12      188.075289        0.000000      188.075289        0.000000        0.000006
    13      189.280545        0.000000      189.280545        0.000000        0.000005
    14      188.609366        0.000000      188.609366        0.000000        0.000006
    15      188.714160        0.000000      188.714160        0.000000        0.000005
    16      188.538883        0.000000      188.538883        0.000000        0.000006
    17      188.356820        0.000000      188.356820        0.000000        0.000006
    18      188.607735        0.000000      188.607735        0.000000        0.000005
    19      187.152780        0.004545      191.697587        0.000000        0.000010
    20      188.264493        0.000000      188.264493        0.000000        0.000005
    21      188.209215        0.000000      188.209215        0.000000        0.000006
    22      188.283176        0.000000      188.283176        0.000000        0.000006
    23      188.814482        0.000000      188.814482        0.000000        0.000004
    24      188.902708        0.000000      188.902708        0.000000        0.000004
    25      189.956112        0.000000      189.956112        0.000000        0.000004
    26      188.619979        0.000000      188.619979        0.000000        0.000006
    27      188.916293        0.000000      188.916293        0.000000        0.000007
    28      188.655755        0.000000      188.655755        0.000000        0.000006
    29      187.988396        0.000000      187.988396        0.000000        0.000006
    30      188.883894        0.000000      188.883894        0.000000        0.000006
    31      188.763694        0.000000      188.763694        0.000000        0.000005
    32      188.566925        0.000000      188.566925        0.000000        0.000006
    33      188.753795        0.000000      188.753795        0.000000        0.000005
    34      189.092807        0.000000      189.092807        0.000000        0.000007
    35      187.606494        0.000000      187.606494        0.000000        0.000009
    36      187.331691        0.000000      187.331691        0.000000        0.000005
    37      187.771206        0.000000      187.771206        0.000000        0.000007
    38      188.910767        0.000000      188.910767        0.000000        0.000006
    39      187.784029        0.000000      187.784029        0.000000        0.000006
    40      187.243070        0.000000      187.243070        0.000000        0.000006
    41      188.809282        0.000000      188.809282        0.000000        0.000005
    42      188.117740        0.000000      188.117740        0.000000        0.000007
    43      188.649902        0.000000      188.649902        0.000000        0.000005
    44      189.102018        0.000000      189.102018        0.000000        0.000008
    45      188.656859        0.000000      188.656859        0.000000        0.000006
    46      188.012807        0.000000      188.012807        0.000000        0.000007
    47      188.602468        0.000000      188.602468        0.000000        0.000006
    48      188.802850        0.000000      188.802850        0.000000        0.000005
    49      189.144667        0.000000      189.144667        0.000000        0.000005
    50      188.216815        0.000000      188.216815        0.000000        0.000005
    51      187.899065        0.000000      187.899065        0.000000        0.000006
    52      188.619703        0.000000      188.619703        0.000000        0.000008
    53      188.273157        0.000000      188.273157        0.000000        0.000005
    54      188.125043        0.000000      188.125043        0.000000        0.000008
    55      187.530183        0.000000      187.530183        0.000000        0.000007
    56      188.299971        0.000000      188.299971        0.000000        0.000006
    57      188.333730        0.000000      188.333730        0.000000        0.000005
    58      188.754573        0.000000      188.754573        0.000000        0.000007
    59      188.316147        0.000000      188.316147        0.000000        0.000007
    60      188.495533        0.000000      188.495533        0.000000        0.000007
    61      187.742794        0.000000      187.742794        0.000000        0.000007
    62      187.311051        0.000000      187.311051        0.000000        0.000007
    63      187.795174        0.000000      187.795174        0.000000        0.000006
    64      188.534990        0.000000      188.534990        0.000000        0.000004
    65      188.114936        0.000000      188.114936        0.000000        0.000008
    66      188.323050        0.000000      188.323050        0.000000        0.000005
    67      187.635481        0.000000      187.635481        0.000000        0.000008
    68      188.286679        0.119266      307.553086        0.000000        0.000011
    69      189.180679        0.000000      189.180679        0.000000        0.000006
    70      188.304622        0.000000      188.304622        0.000000        0.000004
    71      188.989925        0.000000      188.989925        0.000000        0.000006
    72      187.744261        0.000000      187.744261        0.000000        0.000007
    73      186.960968        0.106047      293.008218        0.000000        0.000011
    74      188.490793        0.000000      188.490793        0.000000        0.000007
    75      188.860772        0.000000      188.860772        0.000000        0.000005
    76      187.506000        0.000000      187.506000        0.000000        0.000007
    77      188.900937        0.000000      188.900937        0.000000        0.000004
    78      189.216587        0.000000      189.216587        0.000000        0.000003
    79      188.735473        0.000000      188.735473        0.000000        0.000005
    80      188.196227        0.000000      188.196227        0.000000        0.000005
    81      188.596274        0.000000      188.596274        0.000000        0.000007
    82      188.087963        0.000000      188.087963        0.000000        0.000009
    83      187.603714        0.000000      187.603714        0.000000        0.000006
    84      187.879725        0.000000      187.879725        0.000000        0.000004
    85      188.602432        0.000000      188.602432        0.000000        0.000005
    86      188.149035        0.000000      188.149035        0.000000        0.000006
    87      189.097524        0.000000      189.097524        0.000000        0.000004
    88      188.277567        0.000000      188.277567        0.000000        0.000006
    89      188.160788        0.000000      188.160788        0.000000        0.000006
    90      187.573937        0.000000      187.573937        0.000000        0.000007
    91      187.960756        0.000000      187.960756        0.000000        0.000006
    92      189.221426        0.000000      189.221426        0.000000        0.000009
    93      188.959872        0.000000      188.959872        0.000000        0.000007
    94      189.672721        0.000000      189.672721        0.000000        0.000005
    95      187.859680        0.000000      187.859680        0.000000        0.000006
    96      187.952583        0.000000      187.952583        0.000000        0.000007
    97      187.979193        0.000000      187.979193        0.000000        0.000007
    98      188.772885        0.000000      188.772885        0.000000        0.000004
    99      188.172206        0.000000      188.172206        0.000000        0.000006
   100      188.255754        0.000000      188.255754        0.000000        0.000007
   101      188.244159        0.000000      188.244159        0.000000        0.000006
   102      188.808743        0.000000      188.808743        0.000000        0.000004
   103      189.333441        0.000000      189.333441        0.000000        0.000005
   104      187.268445        0.000000      187.268445        0.000000        0.000008
   105      188.670352        0.000000      188.670352        0.000000        0.000004
   106      189.563046        0.000000      189.563046        0.000000        0.000004
   107      188.053380        0.000000      188.053380        0.000000        0.000005
   108      189.057318        0.000000      189.057318        0.000000        0.000006
   109      187.915237        0.000000      187.915237        0.000000        0.000007
   110      187.932565        0.000000      187.932565        0.000000        0.000005
   111      187.797896        0.000000      187.797896        0.000000        0.000004
   112      188.232160        0.000000      188.232160        0.000000        0.000008
   113      188.491457        0.000000      188.491457        0.000000        0.000004
   114      187.214472        0.000000      187.214472        0.000000        0.000008
   115      189.821948        0.000000      189.821948        0.000000        0.000005
   116      189.076479        0.000000      189.076479        0.000000        0.000005
   117      189.005648        0.000000      189.005648        0.000000        0.000005
   118      188.911093        0.000000      188.911093        0.000000        0.000004
   119      188.355520        0.117802      306.157949        0.000000        0.000011
   120      187.903428        0.000000      187.903428        0.000000        0.000005
   121      188.006103        0.000000      188.006103        0.000000        0.000005
   122      189.662996        0.000000      189.662996        0.000000        0.000004
   123      188.554720        0.000000      188.554720        0.000000        0.000007
   124      188.289258        0.000000      188.289258        0.000000        0.000004
   125      189.606250        0.000000      189.606250        0.000000        0.000004
   126      188.761104        0.000000      188.761104        0.000000        0.000006
   127      188.110105        0.000000      188.110105        0.000000        0.000007
   128      188.730587        0.000000      188.730587        0.000000        0.000006
   129      188.194554        0.139865      328.059132        0.000000        0.000011
   130      188.342794        0.000000      188.342794        0.000000        0.000005
   131      189.036023        0.000000      189.036023        0.000000        0.000006
   132      188.885922        0.000000      188.885922        0.000000        0.000004
   133      187.810758        0.000000      187.810758        0.000000        0.000009
   134      188.534312        0.000000      188.534312        0.000000        0.000006
   135      188.163312        0.000000      188.163312        0.000000        0.000006
   136      187.770147        0.000000      187.770147        0.000000        0.000006
   137      186.987819        0.000000      186.987819        0.000000        0.000009
   138      188.375036        0.000000      188.375036        0.000000        0.000008
   139      189.166786        0.000000      189.166786        0.000000        0.000004
   140      187.602146        0.000000      187.602146        0.000000        0.000006
   141      188.345899        0.000000      188.345899        0.000000        0.000006
   142      188.493542        0.000000      188.493542        0.000000        0.000006
   143      187.870566        0.000000      187.870566        0.000000        0.000007
   144      188.851707        0.000000      188.851707        0.000000        0.000006
   145      188.273774        0.000000      188.273774        0.000000        0.000007
   146      188.044923        0.000000      188.044923        0.000000        0.000005
   147      189.237070        0.000000      189.237070        0.000000        0.000009
   148      188.668493        0.000000      188.668493        0.000000        0.000006
   149      188.536562        0.000000      188.536562        0.000000        0.000006
   150      187.287638        0.000000      187.287638        0.000000        0.000009
   151      188.570902        0.000000      188.570902        0.000000        0.000006
   152      188.036013        0.000000      188.036013        0.000000        0.000007
   153      187.899176        0.000000      187.899176        0.000000        0.000008
   154      188.801555        0.000000      188.801555        0.000000        0.000004
   155      188.633610        0.000000      188.633610        0.000000        0.000005
   156      188.925824        0.000000      188.925824        0.000000        0.000006
   157      187.816743        0.000000      187.816743        0.000000        0.000007
   158      188.988801        0.000000      188.988801        0.000000        0.000004
   159      189.073267        0.000000      189.073267        0.000000        0.000005
   160      189.795598        0.000000      189.795598        0.000000        0.000006
   161      188.848410        0.000000      188.848410        0.000000        0.000005
   162      188.392284        0.000000      188.392284        0.000000        0.000008
   163      187.547375        0.000000      187.547375        0.000000        0.000007
   164      188.194881        0.000000      188.194881        0.000000        0.000005
   165      187.855256        0.000000      187.855256        0.000000        0.000009
   166      188.217956        0.000000      188.217956        0.000000        0.000005
   167      188.510053        0.000000      188.510053        0.000000        0.000006
   168      189.069414        0.000000      189.069414        0.000000        0.000006
   169      189.112087        0.000000      189.112087        0.000000        0.000004
   170      188.612749        0.000000      188.612749        0.000000        0.000005
   171      188.803550        0.000000      188.803550        0.000000        0.000006
   172      187.624355        0.000000      187.624355        0.000000        0.000009
   173      187.845973        0.000000      187.845973        0.000000        0.000006
   174      188.269613        0.000000      188.269613        0.000000        0.000006
   175      188.357541        0.000000      188.357541        0.000000        0.000005
   176      189.108126        0.000000      189.108126        0.000000        0.000007
   177      188.748668        0.000000      188.748668        0.000000        0.000006
   178      188.710151        0.000000      188.710151        0.000000        0.000004
   179      188.710534        0.000000      188.710534        0.000000        0.000006
   180      187.865092        0.000000      187.865092        0.000000        0.000006
   181      188.198932        0.000000      188.198932        0.000000        0.000006
   182      188.265570        0.000000      188.265570        0.000000        0.000006
   183      187.493289        0.000000      187.493289        0.000000        0.000008
   184      187.865814        0.000000      187.865814        0.000000        0.000009
   185      188.027735        0.000000      188.027735        0.000000        0.000007
   186      188.399230        0.000000      188.399230        0.000000        0.000006
   187      188.578831        0.000000      188.578831        0.000000        0.000007
   188      187.802083        0.000000      187.802083        0.000000        0.000006
   189      187.623797        0.000000      187.623797        0.000000        0.000006
   190      188.654205        0.000000      188.654205        0.000000        0.000005
   191      187.997381        0.000000      187.997381        0.000000        0.000005
   192      188.174356        0.000000      188.174356        0.000000        0.000005
   193      188.084435        0.000000      188.084435        0.000000        0.000006
   194      188.480548        0.000000      188.480548        0.000000        0.000005
   195      189.433921        0.000000      189.433921        0.000000        0.000008
   196      188.695772        0.000000      188.695772        0.000000        0.000006
   197      189.216865        0.000000      189.216865        0.000000        0.000005
   198      188.260376        0.000000      188.260376        0.000000        0.000005
   199      187.833806        0.000000      187.833806        0.000000        0.000008
   200      187.995565        0.000000      187.995565        0.000000        0.000006
   201      189.982964        0.000000      189.982964        0.000000        0.000006
   202      188.683619        0.000000      188.683619        0.000000        0.000006
   203      188.586524        0.000000      188.586524        0.000000        0.000007
   204      189.101833        0.000000      189.101833        0.000000        0.000005
   205      187.411959        0.000000      187.411959        0.000000        0.000005
   206      187.949457        0.000000      187.949457        0.000000        0.000006
   207      188.598985        0.000000      188.598985        0.000000        0.000006
   208      188.406206        0.000000      188.406206        0.000000        0.000007
   209      188.076956        0.000000      188.076956        0.000000        0.000007
   210      189.116364        0.000000      189.116364        0.000000        0.000007
   211      188.168249        0.000000      188.168249        0.000000        0.000007
   212      187.629792        0.000000      187.629792        0.000000        0.000007
   213      188.200961        0.000000      188.200961        0.000000        0.000004
   214      187.541012        0.000000      187.541012        0.000000        0.000007
   215      188.700280        0.000000      188.700280        0.000000        0.000005
   216      189.230961        0.000000      189.230961        0.000000        0.000004
   217      188.259369        0.000000      188.259369        0.000000        0.000005
   218      188.636853        0.000000      188.636853        0.000000        0.000007
   219      188.082222        0.000000      188.082222        0.000000        0.000008
   220      188.017228        0.000000      188.017228        0.000000        0.000009
   221      188.115778        0.000000      188.115778        0.000000        0.000008
   222      188.244273        0.000000      188.244273        0.000000        0.000004
   223      188.526009        0.000000      188.526009        0.000000        0.000004
   224      188.120216        0.000000      188.120216        0.000000        0.000005
   225      187.213932        0.000000      187.213932        0.000000        0.000008
   226      187.673229        0.000000      187.673229        0.000000        0.000006
   227      188.373331        0.000000      188.373331        0.000000        0.000005
   228      188.071091        0.000000      188.071091        0.000000        0.000008
   229      189.020737        0.000000      189.020737        0.000000        0.000004
   230      187.462760        0.000000      187.462760        0.000000        0.000009
   231      188.226418        0.000000      188.226418        0.000000        0.000006
   232      187.500277        0.000000      187.500277        0.000000        0.000008
   233      188.733466        0.000000      188.733466        0.000000        0.000005
   234      187.859405        0.000000      187.859405        0.000000        0.000006
   235      189.145030        0.000000      189.145030        0.000000        0.000004
   236      188.528749        0.000000      188.528749        0.000000        0.000004
   237      188.019305        0.000000      188.019305        0.000000        0.000007
   238      187.724186        0.000000      187.724186        0.000000        0.000008
   239      188.461954        0.000000      188.461954        0.000000        0.000006
   240      188.387059        0.000000      188.387059        0.000000        0.000008
   241      188.650245        0.000000      188.650245        0.000000        0.000005
   242      188.216798        0.000000      188.216798        0.000000        0.000004
   243      188.723505        0.000000      188.723505        0.000000        0.000006
   244      188.763945        0.000000      188.763945        0.000000        0.000005
   245      187.788850        0.000000      187.788850        0.000000        0.000006
   246      188.186621        0.000000      188.186621        0.000000        0.000008
   247      189.201263        0.000000      189.201263        0.000000        0.000004
   248      187.691184        0.000000      187.691184        0.000000        0.000008
   249      187.853707        0.000000      187.853707        0.000000        0.000005
   250      188.422787        0.000000      188.422787        0.000000        0.000009
   251      188.338429        0.000000      188.338429        0.000000        0.000005
   252      188.347148        0.000000      188.347148        0.000000        0.000005
   253      189.488689        0.000000      189.488689        0.000000        0.000007
   254      188.041040        0.000000      188.041040        0.000000        0.000004
   255      187.738467        0.000000      187.738467        0.000000        0.000008
   256      188.999551        0.000000      188.999551        0.000000        0.000006
   257      189.155273        0.000000      189.155273        0.000000        0.000004
   258      189.505596        0.000000      189.505596        0.000000        0.000005
   259      188.318170        0.000000      188.318170        0.000000        0.000004
   260      188.728055        0.000000      188.728055        0.000000        0.000006
   261      187.677981        0.000000      187.677981        0.000000        0.000004
   262      187.706558        0.000000      187.706558        0.000000        0.000008
   263      188.433754        0.000000      188.433754        0.000000        0.000007
   264      188.847454        0.000000      188.847454        0.000000        0.000007
   265      188.558289        0.000000      188.558289        0.000000        0.000006
   266      188.153099        0.000000      188.153099        0.000000        0.000006
   267      188.671149        0.000000      188.671149        0.000000        0.000004
   268      188.262618        0.000000      188.262618        0.000000        0.000006
   269      188.724141        0.000000      188.724141        0.000000        0.000006
   270      187.996344        0.000000      187.996344        0.000000        0.000006
   271      188.388429        0.000000      188.388429        0.000000        0.000008
   272      188.784674        0.000000      188.784674        0.000000        0.000004
   273      188.249739        0.000000      188.249739        0.000000        0.000008
   274      188.546191        0.000000      188.546191        0.000000        0.000006
   275      188.570055        0.000000      188.570055        0.000000        0.000007
   276      188.079880        0.000000      188.079880        0.000000        0.000006
   277      188.169283        0.000000      188.169283        0.000000        0.000004
   278      188.661433        0.000000      188.661433        0.000000        0.000007
   279      188.048623        0.000000      188.048623        0.000000        0.000006
   280      188.324155        0.000000      188.324155        0.000000        0.000006
   281      188.613960        0.000000      188.613960        0.000000        0.000005
   282      188.548422        0.000000      188.548422        0.000000        0.000004
   283      188.183855        0.000000      188.183855        0.000000        0.000006
   284      188.334618        0.000000      188.334618        0.000000        0.000005
   285      188.008372        0.000000      188.008372        0.000000        0.000005
   286      188.550237        0.000000      188.550237        0.000000        0.000007
   287      188.749114        0.000000      188.749114        0.000000        0.000005
   288      188.115167        0.000000      188.115167        0.000000        0.000006
   289      187.716237        0.000000      187.716237        0.000000        0.000008
   290      187.890806        0.000000      187.890806        0.000000        0.000004
   291      188.323118        0.000000      188.323118        0.000000        0.000005
   292      188.125895        0.000000      188.125895        0.000000        0.000009
   293      188.742309        0.000000      188.742309        0.000000        0.000008
   294      187.607809        0.000000      187.607809        0.000000        0.000008
   295      187.784269        0.000000      187.784269        0.000000        0.000007
   296      188.963478        0.000000      188.963478        0.000000        0.000007
   297      188.796149        0.000000      188.796149        0.000000        0.000005
   298      188.109222        0.000000      188.109222        0.000000        0.000008
   299      188.356359        0.000000      188.356359        0.000000        0.000005
   300      189.605976        0.014285      203.890665        0.000000        0.000003
   301      187.682137        0.000000      187.682137        0.000000        0.000006
   302      188.390157        0.000000      188.390157        0.000000        0.000005
   303      187.920551        0.000000      187.920551        0.000000        0.000008
   304      187.759578        0.000000      187.759578        0.000000        0.000006
   305      188.610992        0.000000      188.610992        0.000000        0.000005
   306      188.932129        0.000000      188.932129        0.000000        0.000006
   307      188.332298        0.000000      188.332298        0.000000        0.000006
   308      188.161962        0.000000      188.161962        0.000000        0.000005
   309      189.517356        0.000000      189.517356        0.000000        0.000006
   310      188.829344        0.000000      188.829344        0.000000        0.000005
   311      188.648134        0.000000      188.648134        0.000000        0.000006
   312      186.954548        0.109979      296.933330        0.000000        0.000011
   313      188.106274        0.000000      188.106274        0.000000        0.000006
   314      189.198028        0.000000      189.198028        0.000000        0.000003
   315      188.520007        0.000000      188.520007        0.000000        0.000006
   316      188.005776        0.000000      188.005776        0.000000        0.000009
   317      188.352627        0.000000      188.352627        0.000000        0.000006
   318      188.678455        0.000000      188.678455        0.000000        0.000005
   319      188.090896        0.000000      188.090896        0.000000        0.000006
   320      187.711247        0.000000      187.711247        0.000000        0.000008
   321      188.809535        0.000000      188.809535        0.000000        0.000006
   322      188.182170        0.000000      188.182170        0.000000        0.000006
   323      187.492279        0.000000      187.492279        0.000000        0.000008
   324      188.020702        0.000000      188.020702        0.000000        0.000006
   325      189.288030        0.000000      189.288030        0.000000        0.000006
   326      187.467732        0.000000      187.467732        0.000000        0.000009
   327      187.553312        0.000000      187.553312        0.000000        0.000006
   328      188.163042        0.000000      188.163042        0.000000        0.000007
   329      188.118210        0.000000      188.118210        0.000000        0.000005
   330      187.641044        0.000000      187.641044        0.000000        0.000006
   331      187.958640        0.000000      187.958640        0.000000        0.000009
   332      187.856740        0.000000      187.856740        0.000000        0.000007
   333      188.573724        0.000000      188.573724        0.000000        0.000007
   334      187.983517        0.000000      187.983517        0.000000        0.000007
   335      188.827512        0.000000      188.827512        0.000000        0.000006
   336      188.637858        0.000000      188.637858        0.000000        0.000006
   337      188.205783        0.000000      188.205783        0.000000        0.000005
   338      187.854351        0.000000      187.854351        0.000000        0.000006
   339      189.162321        0.000000      189.162321        0.000000        0.000004
   340      187.758828        0.000000      187.758828        0.000000        0.000009
   341      188.092953        0.000000      188.092953        0.000000        0.000007
   342      188.474506        0.000000      188.474506        0.000000        0.000005
   343      188.189816        0.000000      188.189816        0.000000        0.000006
   344      187.751965        0.503188      690.939977        0.000000        0.000015
   345      187.789616        0.000000      187.789616        0.000000        0.000007
   346      187.819185        0.000000      187.819185        0.000000        0.000006
   347      188.554953        0.000000      188.554953        0.000000        0.000006
   348      188.874447        0.000000      188.874447        0.000000        0.000005
   349      188.266855        0.000000      188.266855        0.000000        0.000005
   350      187.999739        0.000000      187.999739        0.000000        0.000007
   351      187.331626        0.000000      187.331626        0.000000        0.000007
   352      189.015787        0.000000      189.015787        0.000000        0.000005
   353      189.150838        0.000000      189.150838        0.000000        0.000004
   354      187.856935        0.000000      187.856935        0.000000        0.000009
   355      188.657094        0.000000      188.657094        0.000000        0.000004
   356      188.209747        0.000000      188.209747        0.000000        0.000006
   357      187.711851        0.000000      187.711851        0.000000        0.000005
   358      188.660146        0.000000      188.660146        0.000000        0.000006
   359      187.821645        0.000000      187.821645        0.000000        0.000006
   360      188.246492        0.000000      188.246492        0.000000        0.000008
   361      188.827799        0.000000      188.827799        0.000000        0.000007
   362      187.416556        0.000000      187.416556        0.000000        0.000007
   363      188.330780        0.000000      188.330780        0.000000        0.000004
   364      188.462749        0.000000      188.462749        0.000000        0.000005
   365      188.589695        0.000000      188.589695        0.000000        0.000009
   366      188.874498        0.000000      188.874498        0.000000        0.000006
   367      187.669110        0.000000      187.669110        0.000000        0.000006
   368      188.590537        0.000000      188.590537        0.000000        0.000006
   369      189.254796        0.000000      189.254796        0.000000        0.000007
   370      188.204627        0.000000      188.204627        0.000000        0.000006
   371      187.317106        0.000000      187.317106        0.000000        0.000007
   372      188.198161        0.000000      188.198161        0.000000        0.000006
   373      188.235511        0.000000      188.235511        0.000000        0.000005
   374      189.596773        0.000000      189.596773        0.000000        0.000004
   375      187.906294        0.014925      202.831387        0.000000        0.000010
   376      189.104358        0.000000      189.104358        0.000000        0.000008
   377      188.559331        0.000000      188.559331        0.000000        0.000005
   378      188.755644        0.000000      188.755644        0.000000        0.000006
   379      188.337685        0.000000      188.337685        0.000000        0.000006
   380      188.315738        0.000000      188.315738        0.000000        0.000005
   381      188.332833        0.000000      188.332833        0.000000        0.000004
   382      188.106298        0.000000      188.106298        0.000000        0.000004
   383      187.868862        0.136492      324.360853        0.000000        0.000011
   384      188.391571        0.000000      188.391571        0.000000        0.000005
   385      188.187480        0.000000      188.187480        0.000000        0.000008
   386      188.732579        0.000000      188.732579        0.000000        0.000005
   387      187.669562        0.000000      187.669562        0.000000        0.000006
   388      188.485933        0.000000      188.485933        0.000000        0.000008
   389      188.028139        0.000000      188.028139        0.000000        0.000007
   390      187.655264        0.000000      187.655264        0.000000        0.000008
   391      188.746408        0.000000      188.746408        0.000000        0.000003
   392      188.845112        0.000000      188.845112        0.000000        0.000005
   393      188.823870        0.000000      188.823870        0.000000        0.000008
   394      187.919822        0.000000      187.919822        0.000000        0.000007
   395      188.240918        0.000000      188.240918        0.000000        0.000006
   396      189.041620        0.000000      189.041620        0.000000        0.000008
   397      187.242686        0.000000      187.242686        0.000000        0.000007
   398      188.149045        0.000000      188.149045        0.000000        0.000007
   399      188.437015        0.000000      188.437015        0.000000        0.000005
   400      188.481978        0.000000      188.481978        0.000000        0.000005
   401      188.738178        0.000000      188.738178        0.000000        0.000007
   402      187.904692        0.000000      187.904692        0.000000        0.000007
   403      187.263256        0.000000      187.263256        0.000000        0.000007
   404      187.450707        0.000000      187.450707        0.000000        0.000009
   405      188.834919        0.037620      226.454423        0.000000        0.000010
   406      188.250799        0.000000      188.250799        0.000000        0.000007
   407      187.993070        0.000000      187.993070        0.000000        0.000004
   408      188.211757        0.000000      188.211757        0.000000        0.000005
   409      188.617715        0.000000      188.617715        0.000000        0.000005
   410      188.054874        0.000000      188.054874        0.000000        0.000007
   411      189.008701        0.000000      189.008701        0.000000        0.000005
   412      187.983507        0.000000      187.983507        0.000000        0.000006
   413      188.839599        0.000000      188.839599        0.000000        0.000006
   414      188.067040        0.000000      188.067040        0.000000        0.000006
   415      188.614171        0.000000      188.614171        0.000000        0.000005
   416      188.341486        0.000000      188.341486        0.000000        0.000005
   417      188.127222        0.000000      188.127222        0.000000        0.000006
   418      188.358732        0.000000      188.358732        0.000000        0.000006
   419      187.364328        0.000000      187.364328        0.000000        0.000007
   420      187.963027        0.000000      187.963027        0.000000        0.000005
   421      188.777341        0.000000      188.777341        0.000000        0.000005
   422      188.187118        0.000000      188.187118        0.000000        0.000007
   423      187.861187        0.000000      187.861187        0.000000        0.000005
   424      188.192268        0.000000      188.192268        0.000000        0.000004
   425      188.819538        0.000000      188.819538        0.000000        0.000005
   426      188.457447        0.000000      188.457447        0.000000        0.000004
   427      188.181288        0.000000      188.181288        0.000000        0.000007
   428      188.001101        0.000000      188.001101        0.000000        0.000007
   429      188.542361        0.000000      188.542361        0.000000        0.000005
   430      188.791492        0.000000      188.791492        0.000000        0.000005
   431      188.280078        0.000000      188.280078        0.000000        0.000008
   432      188.510166        0.000000      188.510166        0.000000        0.000006
   433      188.621360        0.000000      188.621360        0.000000        0.000007
   434      188.914851        0.000000      188.914851        0.000000        0.000005
   435      188.344837        0.000000      188.344837        0.000000        0.000004
   436      187.661835        0.000000      187.661835        0.000000        0.000005
   437      188.005754        0.000000      188.005754        0.000000        0.000005
   438      188.459758        0.083098      271.557922        0.000000        0.000011
   439      188.933146        0.000000      188.933146        0.000000        0.000006
   440      188.380440        0.000000      188.380440        0.000000        0.000006
   441      188.340190        0.000000      188.340190        0.000000        0.000007
   442      187.076809        0.000000      187.076809        0.000000        0.000006
   443      188.554581        0.000000      188.554581        0.000000        0.000010
   444      188.892784        0.000000      188.892784        0.000000        0.000006
   445      188.185007        0.000000      188.185007        0.000000        0.000006
   446      189.038179        0.000000      189.038179        0.000000        0.000004
   447      188.185107        0.000000      188.185107        0.000000        0.000010
   448      189.303473        0.000000      189.303473        0.000000        0.000005
   449      188.117833        0.000000      188.117833        0.000000        0.000007
   450      189.077169        0.000000      189.077169        0.000000        0.000008
   451      188.826813        0.000000      188.826813        0.000000        0.000007
   452      188.352930        0.000000      188.352930        0.000000        0.000006
   453      188.523147        0.000000      188.523147        0.000000        0.000007
   454      188.244296        0.000000      188.244296        0.000000        0.000005
   455      188.484182        0.000000      188.484182        0.000000        0.000007
   456      188.859100        0.000000      188.859100        0.000000        0.000006
   457      188.168441        0.000000      188.168441        0.000000        0.000007
   458      188.482617        0.000000      188.482617        0.000000        0.000006
   459      188.601996        0.000000      188.601996        0.000000        0.000004
   460      189.075171        0.000000      189.075171        0.000000        0.000004
   461      187.788397        0.115996      303.784702        0.000000        0.000011
   462      188.094880        0.000000      188.094880        0.000000        0.000004
   463      187.890141        0.000000      187.890141        0.000000        0.000006
   464      187.973021        0.000000      187.973021        0.000000        0.000007
   465      188.269311        0.000000      188.269311        0.000000        0.000005
   466      187.936031        0.000000      187.936031        0.000000        0.000006
   467      188.588707        0.000000      188.588707        0.000000        0.000004
   468      188.548521        0.000000      188.548521        0.000000        0.000005
   469      188.097074        0.000000      188.097074        0.000000        0.000007
   470      188.174944        0.000000      188.174944        0.000000        0.000007
   471      187.505050        0.000000      187.505050        0.000000        0.000007
   472      187.375434        0.000000      187.375434        0.000000        0.000005
   473      188.033676        0.000000      188.033676        0.000000        0.000006
   474      188.214208        0.000000      188.214208        0.000000        0.000004
   475      188.340237        0.000000      188.340237        0.000000        0.000005
   476      188.425470        0.000000      188.425470        0.000000        0.000004
   477      188.046722        0.000000      188.046722        0.000000        0.000008
   478      188.302629        0.000000      188.302629        0.000000        0.000009
   479      188.137005        0.000000      188.137005        0.000000        0.000005
   480      189.326531        0.000000      189.326531        0.000000        0.000005
   481      187.923932        0.000000      187.923932        0.000000        0.000004
   482      187.449102        0.000000      187.449102        0.000000        0.000009
   483      187.724328        0.000000      187.724328        0.000000        0.000007
   484      188.778674        0.000000      188.778674        0.000000        0.000006
   485      187.977586        0.000000      187.977586        0.000000        0.000007
   486      188.397028        0.000000      188.397028        0.000000        0.000005
   487      189.274111        0.000000      189.274111        0.000000        0.000004
   488      189.557410        0.000000      189.557410        0.000000        0.000003
   489      188.761524        0.000000      188.761524        0.000000        0.000006
   490      188.335742        0.000000      188.335742        0.000000        0.000006
   491      188.604783        0.000000      188.604783        0.000000        0.000005
   492      188.787374        0.000000      188.787374        0.000000        0.000005
   493      188.768707        0.000000      188.768707        0.000000        0.000006
   494      188.100544        0.000000      188.100544        0.000000        0.000006
   495      187.663832        0.000000      187.663832        0.000000        0.000006
   496      188.385874        0.000000      188.385874        0.000000        0.000004
   497      189.623192        0.000000      189.623192        0.000000        0.000004
   498      187.799551        0.000000      187.799551        0.000000        0.000009
   499      188.593657        0.000000      188.593657        0.000000        0.000009
   500      188.298642        0.000000      188.298642        0.000000        0.000004
   501      187.884056        0.000000      187.884056        0.000000        0.000006
   502      187.889673        0.000000      187.889673        0.000000        0.000005
   503      189.245013        0.000000      189.245013        0.000000        0.000005
   504      187.754346        0.000000      187.754346        0.000000        0.000008
   505      188.957208        0.000000      188.957208        0.000000        0.000005
   506      188.348570        0.000000      188.348570        0.000000        0.000006
   507      188.139951        0.000000      188.139951        0.000000        0.000005
   508      187.786902        0.000000      187.786902        0.000000        0.000007
   509      188.018620        0.000000      188.018620        0.000000        0.000009
   510      188.487323        0.000000      188.487323        0.000000        0.000005
   511      188.128627        0.000000      188.128627        0.000000        0.000008
   512      187.777344        0.000000      187.777344        0.000000        0.000010
   513      188.083882        0.000000      188.083882        0.000000        0.000004
   514      188.658170        0.000000      188.658170        0.000000        0.000005
   515      187.982564        0.000000      187.982564        0.000000        0.000005
   516      188.208178        0.000000      188.208178        0.000000        0.000005
   517      189.146091        0.000000      189.146091        0.000000        0.000005
   518      189.212349        0.000000      189.212349        0.000000        0.000006
   519      188.650972        0.000000      188.650972        0.000000        0.000004
   520      187.860356        0.000000      187.860356        0.000000        0.000006
   521      188.304251        0.000000      188.304251        0.000000        0.000004
   522      187.337293        0.116353      303.690724        0.000000        0.000011
   523      188.496373        0.000000      188.496373        0.000000        0.000004
   524      188.724760        0.000000      188.724760        0.000000        0.000005
   525      188.085637        0.000000      188.085637        0.000000        0.000005
   526      187.960942        0.000000      187.960942        0.000000        0.000007
   527      187.486338        0.000000      187.486338        0.000000        0.000006
   528      189.279200        0.000000      189.279200        0.000000        0.000006
   529      188.024016        0.000000      188.024016        0.000000        0.000008
   530      188.428839        0.000000      188.428839        0.000000        0.000004
   531      188.556636        0.000000      188.556636        0.000000        0.000005
   532      187.911133        0.000000      187.911133        0.000000        0.000009
   533      188.396492        0.000000      188.396492        0.000000        0.000008
   534      188.102137        0.000000      188.102137        0.000000        0.000006
   535      187.732743        0.000000      187.732743        0.000000        0.000005
   536      188.819193        0.000000      188.819193        0.000000        0.000005
   537      188.009776        0.000000      188.009776        0.000000        0.000009
   538      189.112136        0.000000      189.112136        0.000000        0.000006
   539      188.135973        0.000000      188.135973        0.000000        0.000006
   540      187.842655        0.000000      187.842655        0.000000        0.000008
   541      187.487501        0.000000      187.487501        0.000000        0.000009
   542      188.470865        0.000000      188.470865        0.000000        0.000005
   543      188.878814        0.000000      188.878814        0.000000        0.000005
   544      188.390857        0.000000      188.390857        0.000000        0.000008
   545      188.186562        0.000000      188.186562        0.000000        0.000008
   546      188.264454        0.000000      188.264454        0.000000        0.000008
   547      187.653874        0.000000      187.653874        0.000000        0.000009
   548      187.543524        0.000000      187.543524        0.000000        0.000007
   549      188.292995        0.000000      188.292995        0.000000        0.000005
   550      188.721693        0.000000      188.721693        0.000000        0.000004
   551      187.765458        0.000000      187.765458        0.000000        0.000006
   552      188.130033        0.000000      188.130033        0.000000        0.000005
   553      188.607934        0.000000      188.607934        0.000000        0.000005
   554      189.290817        0.000000      189.290817        0.000000        0.000007
   555      188.741779        0.000000      188.741779        0.000000        0.000004
   556      188.658276        0.000000      188.658276        0.000000        0.000006
   557      188.559585        0.000000      188.559585        0.000000        0.000005
   558      188.571359        0.000000      188.571359        0.000000        0.000005
   559      187.542740        0.000000      187.542740        0.000000        0.000006
   560      188.590959        0.000000      188.590959        0.000000        0.000005
   561      189.523429        0.000000      189.523429        0.000000        0.000003
   562      187.651636        0.000000      187.651636        0.000000        0.000004
   563      188.798478        0.000000      188.798478        0.000000        0.000007
   564      188.768248        0.000000      188.768248        0.000000        0.000005
   565      188.591266        0.000000      188.591266        0.000000        0.000007
   566      188.413356        0.000000      188.413356        0.000000        0.000004
   567      188.761347        0.000000      188.761347        0.000000        0.000005
   568      188.609796        0.000000      188.609796        0.000000        0.000006
   569      188.977662        0.066324      255.301217        0.000000        0.000011
   570      189.297653        0.000000      189.297653        0.000000        0.000006
   571      188.145853        0.000000      188.145853        0.000000        0.000006
   572      189.128157        0.000000      189.128157        0.000000        0.000006
   573      189.126580        0.000000      189.126580        0.000000        0.000004
   574      188.262837        0.000000      188.262837        0.000000        0.000006
   575      187.769148        0.000000      187.769148        0.000000        0.000007
   576      187.820910        0.000000      187.820910        0.000000        0.000007
   577      187.394203        0.087052      274.446009        0.000000        0.000011
   578      189.077786        0.000000      189.077786        0.000000        0.000004
   579      187.881706        0.000000      187.881706        0.000000        0.000009
   580      188.151757        0.000000      188.151757        0.000000        0.000007
   581      188.454049        0.000000      188.454049        0.000000        0.000005
   582      188.418373        0.000000      188.418373        0.000000        0.000004
   583      189.125767        0.000000      189.125767        0.000000        0.000004
   584      187.156577        0.319238      506.394274        0.000000        0.000013
   585      188.846164        0.000000      188.846164        0.000000        0.000005
   586      188.775308        0.000000      188.775308        0.000000        0.000006
   587      188.988181        0.000000      188.988181        0.000000        0.000006
   588      187.932463        0.000000      187.932463        0.000000        0.000008
   589      188.422638        0.000000      188.422638        0.000000        0.000004
   590      189.007822        0.000000      189.007822        0.000000        0.000009
   591      189.483497        0.000000      189.483497        0.000000        0.000004
   592      188.403168        0.000000      188.403168        0.000000        0.000007
   593      187.767004        0.000000      187.767004        0.000000        0.000005
   594      189.509315        0.000000      189.509315        0.000000        0.000004
   595      187.954383        0.000000      187.954383        0.000000        0.000009
   596      188.282591        0.000000      188.282591        0.000000        0.000007
   597      187.831710        0.000000      187.831710        0.000000        0.000004
   598      188.077697        0.000000      188.077697        0.000000        0.000006
   599      188.847219        0.000000      188.847219        0.000000        0.000006
   600      188.177532        0.000000      188.177532        0.000000        0.000005
   601      187.354839        0.000000      187.354839        0.000000        0.000004
   602      188.165060        0.000000      188.165060        0.000000        0.000008
   603      188.065649        0.000000      188.065649        0.000000        0.000007
   604      187.692996        0.000000      187.692996        0.000000        0.000005
   605      188.814761        0.000000      188.814761        0.000000        0.000005
   606      188.987008        0.000000      188.987008        0.000000        0.000005
   607      188.192230        0.000000      188.192230        0.000000        0.000010
   608      188.760896        0.000000      188.760896        0.000000        0.000006
   609      188.136191        0.000000      188.136191        0.000000        0.000006
   610      187.882952        0.000000      187.882952        0.000000        0.000009
   611      187.797548        0.000000      187.797548        0.000000        0.000006
   612      188.555686        0.000000      188.555686        0.000000        0.000007
   613      187.487199        0.000000      187.487199        0.000000        0.000008
   614      188.352052        0.000000      188.352052        0.000000        0.000009
   615      188.428483        0.000000      188.428483        0.000000        0.000007
   616      187.685855        0.000000      187.685855        0.000000        0.000007
   617      188.787732        0.000000      188.787732        0.000000        0.000005
   618      187.991784        0.000000      187.991784        0.000000        0.000005
   619      187.934143        0.000000      187.934143        0.000000        0.000007
   620      188.273458        0.000000      188.273458        0.000000        0.000009
   621      188.436451        0.000000      188.436451        0.000000        0.000006
   622      187.994198        0.000000      187.994198        0.000000        0.000006
   623      188.443440        0.000000      188.443440        0.000000        0.000008
   624      188.171070        0.000000      188.171070        0.000000        0.000009
   625      187.833643        0.000000      187.833643        0.000000        0.000005
   626      188.463413        0.000000      188.463413        0.000000        0.000007
   627      187.522975        0.000000      187.522975        0.000000        0.000006
   628      187.986230        0.000000      187.986230        0.000000        0.000006
   629      188.960042        0.000000      188.960042        0.000000        0.000006
   630      189.042232        0.000000      189.042232        0.000000        0.000005
   631      187.419723        0.000000      187.419723        0.000000        0.000007
   632      187.912836        0.000000      187.912836        0.000000        0.000007
   633      188.228801        0.000000      188.228801        0.000000        0.000004
   634      188.842557        0.000000      188.842557        0.000000        0.000003
   635      188.124582        0.000000      188.124582        0.000000        0.000005
   636      188.460408        0.000000      188.460408        0.000000        0.000006
   637      188.466231        0.000000      188.466231        0.000000        0.000007
   638      187.793581        0.000000      187.793581        0.000000        0.000009
   639      190.029586        0.020030      210.059205        0.000000        0.000004
   640      189.056319        0.000000      189.056319        0.000000        0.000005
   641      188.092515        0.000000      188.092515        0.000000        0.000005
   642      188.236264        0.000000      188.236264        0.000000        0.000005
   643      188.456405        0.000000      188.456405        0.000000        0.000005
   644      188.631973        0.000000      188.631973        0.000000        0.000007
   645      187.690828        0.000000      187.690828        0.000000        0.000006
   646      188.212742        0.000000      188.212742        0.000000        0.000008
   647      187.974831        0.000000      187.974831        0.000000        0.000006
   648      187.560791        0.000000      187.560791        0.000000        0.000007
   649      189.844953        0.000000      189.844953        0.000000        0.000004
   650      188.357612        0.000000      188.357612        0.000000        0.000007
   651      188.369630        0.000000      188.369630        0.000000        0.000005
   652      188.130306        0.000000      188.130306        0.000000        0.000005
   653      189.502487        0.000000      189.502487        0.000000        0.000005
   654      187.961454        0.000000      187.961454        0.000000        0.000008
   655      188.534590        0.000000      188.534590        0.000000        0.000007
   656      188.593496        0.000000      188.593496        0.000000        0.000005
   657      188.279654        0.000000      188.279654        0.000000        0.000006
   658      188.044041        0.000000      188.044041        0.000000        0.000005
   659      187.844284        0.000000      187.844284        0.000000        0.000005
   660      188.539553        0.000000      188.539553        0.000000        0.000008
   661      188.703591        0.000000      188.703591        0.000000        0.000004
   662      188.599472        0.000000      188.599472        0.000000        0.000006
   663      188.991284        0.000000      188.991284        0.000000        0.000004
   664      187.837244        0.000000      187.837244        0.000000        0.000007
   665      187.739011        0.000000      187.739011        0.000000        0.000007
   666      188.290518        0.000000      188.290518        0.000000        0.000006
   667      187.803388        0.000000      187.803388        0.000000        0.000006
   668      189.039732        0.000000      189.039732        0.000000        0.000004
   669      188.712378        0.000000      188.712378        0.000000        0.000004
   670      188.359292        0.000000      188.359292        0.000000        0.000006
   671      188.269336        0.000000      188.269336        0.000000        0.000007
   672      188.915750        0.000000      188.915750        0.000000        0.000006
   673      188.704401        0.000000      188.704401        0.000000        0.000006
   674      189.167987        0.000000      189.167987        0.000000        0.000004
   675      188.367160        0.000000      188.367160        0.000000        0.000006
   676      187.907648        0.000000      187.907648        0.000000        0.000010
   677      187.262122        0.012198      199.460291        0.000000        0.000010
   678      188.352892        0.000000      188.352892        0.000000        0.000008
   679      187.996970        0.000000      187.996970        0.000000        0.000006
   680      189.471550        0.000000      189.471550        0.000000        0.000006
   681      188.233993        0.000000      188.233993        0.000000        0.000007
   682      188.827630        0.000000      188.827630        0.000000        0.000008
   683      189.091216        0.000000      189.091216        0.000000        0.000004
   684      188.217410        0.000000      188.217410        0.000000        0.000007
   685      187.875957        0.000000      187.875957        0.000000        0.000008
   686      190.073025        0.018911      208.984394        0.000000        0.000004
   687      188.055676        0.000000      188.055676        0.000000        0.000006
   688      189.493054        0.000000      189.493054        0.000000        0.000007
   689      187.686402        0.000000      187.686402        0.000000        0.000006
   690      188.441869        0.000000      188.441869        0.000000        0.000005
   691      188.858659        0.000000      188.858659        0.000000        0.000005
   692      188.271657        0.000000      188.271657        0.000000        0.000006
   693      189.184409        0.000000      189.184409        0.000000        0.000007
   694      188.245448        0.000000      188.245448        0.000000        0.000008
   695      187.907838        0.000000      187.907838        0.000000        0.000005
   696      189.272781        0.000000      189.272781        0.000000        0.000006
   697      189.120515        0.000000      189.120515        0.000000        0.000007
   698      187.770608        0.000000      187.770608        0.000000        0.000008
   699      187.505610        0.000000      187.505610        0.000000        0.000006
   700      189.020073        0.000000      189.020073        0.000000        0.000007
   701      188.934950        0.000000      188.934950        0.000000        0.000006
   702      188.447441        0.000000      188.447441        0.000000        0.000005
   703      188.164812        0.000000      188.164812        0.000000        0.000006
   704      188.749997        0.000000      188.749997        0.000000        0.000006
   705      187.836776        0.000000      187.836776        0.000000        0.000006
   706      188.354067        0.000000      188.354067        0.000000        0.000005
   707      187.884321        0.000000      187.884321        0.000000        0.000006
   708      188.219003        0.000000      188.219003        0.000000        0.000008
   709      188.041124        0.000000      188.041124        0.000000        0.000007
   710      189.117258        0.000000      189.117258        0.000000        0.000007
   711      188.525609        0.000000      188.525609        0.000000        0.000005
   712      188.696060        0.000000      188.696060        0.000000        0.000005
   713      188.910214        0.000000      188.910214        0.000000        0.000004
   714      188.896353        0.000000      188.896353        0.000000        0.000006
   715      188.158625        0.038927      227.085224        0.000000        0.000010
   716      187.890753        0.000000      187.890753        0.000000        0.000006
   717      189.904280        0.000000      189.904280        0.000000        0.000004
   718      187.761139        0.000000      187.761139        0.000000        0.000007
   719      189.285190        0.000000      189.285190        0.000000        0.000006
   720      188.144303        0.000000      188.144303        0.000000        0.000007
   721      187.441672        0.000000      187.441672        0.000000        0.000006
   722      188.549691        0.000000      188.549691        0.000000        0.000004
   723      188.427846        0.000000      188.427846        0.000000        0.000004
   724      188.987871        0.000000      188.987871        0.000000        0.000006
   725      188.625520        0.000000      188.625520        0.000000        0.000004
   726      188.519524        0.000000      188.519524        0.000000        0.000006
   727      189.147728        0.000000      189.147728        0.000000        0.000005
   728      187.577653        0.000000      187.577653        0.000000        0.000006
   729      187.754604        0.000000      187.754604        0.000000        0.000005
   730      188.167643        0.000000      188.167643        0.000000        0.000007
   731      187.827384        0.000000      187.827384        0.000000        0.000007
   732      188.884824        0.000000      188.884824        0.000000        0.000006
   733      189.060967        0.000000      189.060967        0.000000        0.000005
   734      188.496553        0.000000      188.496553        0.000000        0.000007
   735      188.721430        0.000000      188.721430        0.000000        0.000006
   736      187.727975        0.000000      187.727975        0.000000        0.000009
   737      188.393509        0.000000      188.393509        0.000000        0.000007
   738      188.639235        0.000000      188.639235        0.000000        0.000006
   739      187.585614        0.000000      187.585614        0.000000        0.000006
   740      188.482586        0.000000      188.482586        0.000000        0.000004
   741      187.861296        0.000000      187.861296        0.000000        0.000008
   742      188.279773        0.000000      188.279773        0.000000        0.000007
   743      187.624687        0.000000      187.624687        0.000000        0.000007
   744      188.152910        0.000000      188.152910        0.000000        0.000006
   745      188.432637        0.000000      188.432637        0.000000        0.000006
   746      188.569708        0.000000      188.569708        0.000000        0.000005
   747      187.780898        0.000000      187.780898        0.000000        0.000006
   748      188.173203        0.000000      188.173203        0.000000        0.000005
   749      189.166005        0.000000      189.166005        0.000000        0.000005
   750      188.036417        0.000000      188.036417        0.000000        0.000006
   751      187.682112        0.000000      187.682112        0.000000        0.000008
   752      187.356462        0.000000      187.356462        0.000000        0.000006
   753      188.584202        0.000000      188.584202        0.000000        0.000006
   754      188.757085        0.000000      188.757085        0.000000        0.000007
   755      186.956510        0.000000      186.956510        0.000000        0.000008
   756      189.121917        0.000000      189.121917        0.000000        0.000005
   757      188.744920        0.000000      188.744920        0.000000        0.000006
   758      188.724694        0.000000      188.724694        0.000000        0.000007
   759      187.709525        0.000000      187.709525        0.000000        0.000008
   760      188.720546        0.000000      188.720546        0.000000        0.000006
   761      187.731832        0.000000      187.731832        0.000000        0.000006
   762      188.327956        0.000000      188.327956        0.000000        0.000006
   763      189.108827        0.000000      189.108827        0.000000        0.000005
   764      189.608265        0.000000      189.608265        0.000000        0.000005
   765      189.327716        0.000000      189.327716        0.000000        0.000003
   766      187.953483        0.000000      187.953483        0.000000        0.000006
   767      188.713642        0.000000      188.713642        0.000000        0.000004
   768      188.238918        0.000000      188.238918        0.000000        0.000007
   769      188.078773        0.000000      188.078773        0.000000        0.000007
   770      188.083078        0.000000      188.083078        0.000000        0.000005
   771      188.833077        0.000000      188.833077        0.000000        0.000006
   772      188.265367        0.000000      188.265367        0.000000        0.000006
   773      188.680222        0.000000      188.680222        0.000000        0.000006
   774      188.111927        0.000000      188.111927        0.000000        0.000007
   775      188.080400        0.000000      188.080400        0.000000        0.000006
   776      188.315123        0.000000      188.315123        0.000000        0.000004
   777      188.252329        0.000000      188.252329        0.000000        0.000007
   778      188.324969        0.000000      188.324969        0.000000        0.000007
   779      188.687571        0.000000      188.687571        0.000000        0.000004
   780      189.618004        0.000000      189.618004        0.000000        0.000006
   781      187.541808        0.000000      187.541808        0.000000        0.000006
   782      187.499559        0.000000      187.499559        0.000000        0.000005
   783      188.549438        0.000000      188.549438        0.000000        0.000005
   784      188.839005        0.000000      188.839005        0.000000        0.000005
   785      189.245539        0.000000      189.245539        0.000000        0.000004
   786      188.358901        0.000000      188.358901        0.000000        0.000006
   787      188.606966        0.000000      188.606966        0.000000        0.000006
   788      188.760389        0.000000      188.760389        0.000000        0.000008
   789      188.852890        0.000000      188.852890        0.000000        0.000006
   790      189.044155        0.000000      189.044155        0.000000        0.000006
   791      188.185197        0.000000      188.185197        0.000000        0.000004
   792      188.641791        0.000000      188.641791        0.000000        0.000006
   793      188.508650        0.000000      188.508650        0.000000        0.000004
   794      188.219303        0.000000      188.219303        0.000000        0.000007
   795      187.937655        0.000000      187.937655        0.000000        0.000006
   796      188.070858        0.000000      188.070858        0.000000        0.000006
   797      188.366257        0.000000      188.366257        0.000000        0.000006
   798      187.848300        0.000000      187.848300        0.000000        0.000010
   799      188.312396        0.000000      188.312396        0.000000        0.000005
   800      188.182985        0.000000      188.182985        0.000000        0.000006
   801      188.618660        0.000000      188.618660        0.000000        0.000007
   802      187.795930        0.000000      187.795930        0.000000        0.000005
   803      188.623642        0.000000      188.623642        0.000000        0.000006
   804      188.166242        0.000000      188.166242        0.000000        0.000005
   805      189.026213        0.000000      189.026213        0.000000        0.000005
   806      187.628149        0.000000      187.628149        0.000000        0.000005
   807      187.741566        0.000000      187.741566        0.000000        0.000008
   808      188.554482        0.000000      188.554482        0.000000        0.000004
   809      188.494942        0.000000      188.494942        0.000000        0.000005
   810      187.620131        0.000000      187.620131        0.000000        0.000007
   811      188.620228        0.000000      188.620228        0.000000        0.000007
   812      188.434687        0.000000      188.434687        0.000000        0.000005
   813      187.720478        0.000000      187.720478        0.000000        0.000008
   814      188.210010        0.000000      188.210010        0.000000        0.000007
   815      188.330146        0.000000      188.330146        0.000000        0.000006
   816      188.613648        0.000000      188.613648        0.000000        0.000009
   817      189.118335        0.000000      189.118335        0.000000        0.000005
   818      189.117304        0.000000      189.117304        0.000000        0.000005
   819      188.366990        0.000000      188.366990        0.000000        0.000006
   820      188.025857        0.018153      206.179269        0.000000        0.000010
   821      187.341238        0.000000      187.341238        0.000000        0.000008
   822      188.482367        0.000000      188.482367        0.000000        0.000006
   823      188.402230        0.000000      188.402230        0.000000        0.000007
   824      188.484328        0.000000      188.484328        0.000000        0.000005
   825      188.552420        0.000000      188.552420        0.000000        0.000005
   826      189.004100        0.000000      189.004100        0.000000        0.000004
   827      189.009693        0.000000      189.009693        0.000000        0.000005
   828      188.227488        0.000000      188.227488        0.000000        0.000009
   829      189.908590        0.000000      189.908590        0.000000        0.000004
   830      187.935449        0.000000      187.935449        0.000000        0.000010
   831      188.880911        0.000000      188.880911        0.000000        0.000008
   832      188.894469        0.000000      188.894469        0.000000        0.000006
   833      187.709622        0.000000      187.709622        0.000000        0.000006
   834      188.052467        0.000000      188.052467        0.000000        0.000004
   835      187.627762        0.000000      187.627762        0.000000        0.000007
   836      189.451376        0.000000      189.451376        0.000000        0.000005
   837      188.780557        0.000000      188.780557        0.000000        0.000006
   838      187.848250        0.000000      187.848250        0.000000        0.000006
   839      187.629697        0.000000      187.629697        0.000000        0.000006
   840      187.910458        0.000000      187.910458        0.000000        0.000008
   841      187.945168        0.000000      187.945168        0.000000        0.000006
   842      188.547724        0.000000      188.547724        0.000000        0.000006
   843      188.319703        0.000000      188.319703        0.000000        0.000006
   844      188.354096        0.000000      188.354096        0.000000        0.000008
   845      188.130807        0.000000      188.130807        0.000000        0.000003
   846      188.867158        0.000000      188.867158        0.000000        0.000007
   847      189.643807        0.000000      189.643807        0.000000        0.000005
   848      188.202881        0.000000      188.202881        0.000000        0.000008
   849      188.430369        0.000000      188.430369        0.000000        0.000006
   850      188.264247        0.000000      188.264247        0.000000        0.000007
   851      189.024902        0.000000      189.024902        0.000000        0.000003
   852      188.028650        0.000000      188.028650        0.000000        0.000010
   853      188.141925        0.000000      188.141925        0.000000        0.000005
   854      187.779451        0.000000      187.779451        0.000000        0.000005
   855      187.851869        0.000000      187.851869        0.000000        0.000005
   856      188.846454        0.000000      188.846454        0.000000        0.000005
   857      188.157178        0.000000      188.157178        0.000000        0.000008
   858      187.859853        0.000000      187.859853        0.000000        0.000006
   859      187.679043        0.000000      187.679043        0.000000        0.000006
   860      188.262986        0.000000      188.262986        0.000000        0.000006
   861      189.514221        0.000000      189.514221        0.000000        0.000007
   862      189.311715        0.000000      189.311715        0.000000        0.000006
   863      188.774541        0.000000      188.774541        0.000000        0.000006
   864      187.938639        0.000000      187.938639        0.000000        0.000006
   865      188.358375        0.000000      188.358375        0.000000        0.000006
   866      187.923809        0.000000      187.923809        0.000000        0.000007
   867      189.253673        0.000000      189.253673        0.000000        0.000006
   868      187.896564        0.000000      187.896564        0.000000        0.000006
   869      188.212394        0.000000      188.212394        0.000000        0.000007
   870      188.224611        0.000000      188.224611        0.000000        0.000006
   871      188.414766        0.000000      188.414766        0.000000        0.000004
   872      188.477410        0.000000      188.477410        0.000000        0.000007
   873      188.845093        0.000000      188.845093        0.000000        0.000006
   874      188.219534        0.000000      188.219534        0.000000        0.000007
   875      188.316061        0.000000      188.316061        0.000000        0.000007
   876      189.206231        0.000000      189.206231        0.000000        0.000005
   877      187.991650        0.000000      187.991650        0.000000        0.000006
   878      188.557123        0.000000      188.557123        0.000000        0.000005
   879      187.975096        0.000000      187.975096        0.000000        0.000005
   880      188.361333        0.000000      188.361333        0.000000        0.000005
   881      188.353403        0.000000      188.353403        0.000000        0.000004
   882      188.200183        0.000000      188.200183        0.000000        0.000004
   883      187.885223        0.000000      187.885223        0.000000        0.000008
   884      188.089284        0.000000      188.089284        0.000000        0.000005
   885      187.811102        0.000000      187.811102        0.000000        0.000008
   886      188.138140        0.000000      188.138140        0.000000        0.000007
   887      188.334556        0.000000      188.334556        0.000000        0.000006
   888      189.354558        0.000000      189.354558        0.000000        0.000005
   889      188.731185        0.000000      188.731185        0.000000        0.000007
   890      187.992938        0.000000      187.992938        0.000000        0.000007
   891      188.884299        0.000000      188.884299        0.000000        0.000005
   892      188.469853        0.000000      188.469853        0.000000        0.000005
   893      188.652588        0.000000      188.652588        0.000000        0.000009
   894      188.430136        0.000000      188.430136        0.000000        0.000005
   895      188.869616        0.000000      188.869616        0.000000        0.000005
   896      187.367944        0.000000      187.367944        0.000000        0.000007
   897      189.034349        0.000000      189.034349        0.000000        0.000004
   898      188.731076        0.000000      188.731076        0.000000        0.000006
   899      188.341635        0.000000      188.341635        0.000000        0.000005
   900      189.698931        0.000000      189.698931        0.000000        0.000004
   901      188.868383        0.000000      188.868383        0.000000        0.000004
   902      187.852497        0.000000      187.852497        0.000000        0.000005
   903      187.967899        0.000000      187.967899        0.000000        0.000005
   904      187.738851        0.000000      187.738851        0.000000        0.000009
   905      188.307994        0.000000      188.307994        0.000000        0.000004
   906      188.669209        0.000000      188.669209        0.000000        0.000005
   907      187.416482        0.022996      210.412767        0.000000        0.000010
   908      187.671959        0.000000      187.671959        0.000000        0.000005
   909      189.017787        0.000000      189.017787        0.000000        0.000005
   910      188.426949        0.000000      188.426949        0.000000        0.000008
   911      188.038788        0.000000      188.038788        0.000000        0.000007
   912      189.041724        0.000000      189.041724        0.000000        0.000006
   913      188.958432        0.000000      188.958432        0.000000        0.000005
   914      188.945872        0.000000      188.945872        0.000000        0.000006
   915      187.228002        0.000000      187.228002        0.000000        0.000007
   916      188.510533        0.000000      188.510533        0.000000        0.000006
   917      189.170439        0.000000      189.170439        0.000000        0.000004
   918      188.136171        0.000000      188.136171        0.000000        0.000006
   919      188.184722        0.000000      188.184722        0.000000        0.000007
   920      188.303775        0.000000      188.303775        0.000000        0.000005
   921      187.570062        0.000000      187.570062        0.000000        0.000008
   922      188.828721        0.000000      188.828721        0.000000        0.000004
   923      188.209463        0.000000      188.209463        0.000000        0.000004
   924      187.410015        0.000000      187.410015        0.000000        0.000005
   925      188.585916        0.000000      188.585916        0.000000        0.000005
   926      188.231667        0.000000      188.231667        0.000000        0.000008
   927      188.074578        0.000000      188.074578        0.000000        0.000007
   928      188.585851        0.000000      188.585851        0.000000        0.000005
   929      188.641859        0.000000      188.641859        0.000000        0.000004
   930      188.165223        0.000000      188.165223        0.000000        0.000006
   931      187.871016        0.000000      187.871016        0.000000        0.000008
   932      187.230220        0.000000      187.230220        0.000000        0.000008
   933      190.181861        0.000000      190.181861        0.000000        0.000005
   934      188.406064        0.000000      188.406064        0.000000        0.000006
   935      187.946516        0.000000      187.946516        0.000000        0.000007
   936      189.522822        0.000000      189.522822        0.000000        0.000005
   937      188.343197        0.000000      188.343197        0.000000        0.000006
   938      188.590392        0.000000      188.590392        0.000000        0.000005
   939      188.423217        0.000000      188.423217        0.000000        0.000004
   940      188.456119        0.000000      188.456119        0.000000        0.000006
   941      188.262366        0.000000      188.262366        0.000000        0.000005
   942      187.737587        0.000000      187.737587        0.000000        0.000009
   943      188.190811        0.000000      188.190811        0.000000        0.000008
   944      189.152677        0.000000      189.152677        0.000000        0.000008
   945      188.517357        0.000000      188.517357        0.000000        0.000006
   946      188.000543        0.000000      188.000543        0.000000        0.000006
   947      187.941301        0.000000      187.941301        0.000000        0.000006
   948      188.897445        0.000000      188.897445        0.000000        0.000006
   949      188.762930        0.000000      188.762930        0.000000        0.000006
   950      187.472797        0.000000      187.472797        0.000000        0.000006
   951      188.123852        0.000000      188.123852        0.000000        0.000006
   952      187.555769        0.000000      187.555769        0.000000        0.000010
   953      188.178667        0.000000      188.178667        0.000000        0.000008
   954      188.157560        0.000000      188.157560        0.000000        0.000005
   955      189.188104        0.000000      189.188104        0.000000        0.000004
   956      187.845437        0.000000      187.845437        0.000000        0.000008
   957      187.823311        0.000000      187.823311        0.000000        0.000008
   958      188.174808        0.000000      188.174808        0.000000        0.000006
   959      188.604642        0.000000      188.604642        0.000000        0.000005
   960      188.493349        0.000000      188.493349        0.000000        0.000007
   961      188.436334        0.000000      188.436334        0.000000        0.000006
   962      189.359670        0.000000      189.359670        0.000000        0.000004
   963      188.906133        0.000000      188.906133        0.000000        0.000004
   964      189.933866        0.021331      211.264912        0.000000        0.000005
   965      188.989860        0.000000      188.989860        0.000000        0.000004
   966      188.005554        0.000000      188.005554        0.000000        0.000009
   967      188.192256        0.000000      188.192256        0.000000        0.000008
   968      189.340641        0.000000      189.340641        0.000000        0.000006
   969      189.305517        0.000000      189.305517        0.000000        0.000005
   970      188.197941        0.000000      188.197941        0.000000        0.000005
   971      187.714871        0.000000      187.714871        0.000000        0.000006
   972      188.009167        0.000000      188.009167        0.000000        0.000008
   973      188.621955        0.000000      188.621955        0.000000        0.000006
   974      187.554955        0.000000      187.554955        0.000000        0.000006
   975      187.704043        0.000000      187.704043        0.000000        0.000008
   976      189.038070        0.000000      189.038070        0.000000        0.000003
   977      188.435577        0.000000      188.435577        0.000000        0.000004
   978      189.356712        0.000000      189.356712        0.000000        0.000005
   979      188.733811        0.000000      188.733811        0.000000        0.000004
   980      188.421553        0.000000      188.421553        0.000000        0.000005
   981      188.981325        0.000000      188.981325        0.000000        0.000005
   982      187.887742        0.000000      187.887742        0.000000        0.000007
   983      188.568756        0.000000      188.568756        0.000000        0.000006
   984      188.690840        0.000000      188.690840        0.000000        0.000004
   985      188.345092        0.000000      188.345092        0.000000        0.000005
   986      188.855734        0.000000      188.855734        0.000000        0.000005
   987      187.978153        0.000000      187.978153        0.000000        0.000008
   988      187.576108        0.000000      187.576108        0.000000        0.000006
   989      187.745916        0.000000      187.745916        0.000000        0.000005
   990      187.590985        0.000000      187.590985        0.000000        0.000008
   991      188.253319        0.000000      188.253319        0.000000        0.000006
   992      188.014334        0.000000      188.014334        0.000000        0.000006
   993      188.093469        0.000000      188.093469        0.000000        0.000007
   994      187.922505        0.000000      187.922505        0.000000        0.000005
   995      188.515697        0.000000      188.515697        0.000000        0.000006
   996      189.527872        0.000000      189.527872        0.000000        0.000004
   997      187.864580        0.000000      187.864580        0.000000        0.000005
   998      187.446923        0.000000      187.446923        0.000000        0.000006
   999      188.511267        0.000000      188.511267        0.000000        0.000005
  1000      187.087210        0.000000      187.087210        0.000000        0.000005
