     1      188.419496        0.000000      188.419496        0.000000        0.000006
     2      188.212181        0.000000      188.212181        0.000000        0.000006
     3      188.406229        0.000000      188.406229        0.000000        0.000006
     4      188.524812        0.000000      188.524812        0.000000        0.000006
     5      188.394199        0.000000      188.394199        0.000000        0.000008
     6      188.792332        0.000000      188.792332        0.000000        0.000006
     7      188.703778        0.000000      188.703778        0.000000        0.000006
     8      189.126171        0.000000      189.126171        0.000000        0.000005
     9      188.437017        0.000000      188.437017        0.000000        0.000009
    10      188.560281        0.000000      188.560281        0.000000        0.000005
    11      187.947406        0.000000      187.947406        0.000000        0.000008
    12      188.649606        0.000000      188.649606        0.000000        0.000008
    13      189.341642        0.000000      189.341642        0.000000        0.000004
    14      188.078408        0.000000      188.078408        0.000000        0.000009
    15      188.413158        0.000000      188.413158        0.000000        0.000007
    16      188.353512        0.000000      188.353512        0.000000        0.000009
    17      188.745354        0.000000      188.745354        0.000000        0.000005
    18      188.719621        0.000000      188.719621        0.000000        0.000006
    19      188.159195        0.000000      188.159195        0.000000        0.000006
    20      188.758427        0.000000      188.758427        0.000000        0.000005
    21      188.480205        0.000000      188.480205        0.000000        0.000009
    22      188.880363        0.000000      188.880363        0.000000        0.000005
    23      188.833676        0.000000      188.833676        0.000000        0.000006
    24      189.384977        0.000000      189.384977        0.000000        0.000004
    25      188.836863        0.000000      188.836863        0.000000        0.000009
    26      188.396155        0.000000      188.396155        0.000000        0.000006
    27      189.304158        0.000000      189.304158        0.000000        0.000005
    28      188.149297        0.000000      188.149297        0.000000        0.000007
    29      188.724401        0.000000      188.724401        0.000000        0.000005
    30      188.832652        0.000000      188.832652        0.000000        0.000005
    31      188.753997        0.000000      188.753997        0.000000        0.000007
    32      188.368460        0.000000      188.368460        0.000000        0.000007
    33      188.897417        0.000000      188.897417        0.000000        0.000005
    34      188.930155        0.000000      188.930155        0.000000        0.000008
    35      187.943426        0.000000      187.943426        0.000000        0.000008
    36      187.524237        0.000000      187.524237        0.000000        0.000008
    37      188.351295        0.000000      188.351295        0.000000        0.000007
    38      188.617099        0.000000      188.617099        0.000000        0.000005
    39      188.496840        0.000000      188.496840        0.000000        0.000005
    40      187.806758        0.307699      495.505296        0.000000        0.000013
    41      188.891706        0.000000      188.891706        0.000000        0.000006
    42      188.254663        0.000000      188.254663        0.000000        0.000006
    43      189.025417        0.000000      189.025417        0.000000        0.000005
    44      189.074246        0.000000      189.074246        0.000000        0.000007
    45      188.888775        0.000000      188.888775        0.000000        0.000005
    46      188.346192        0.000000      188.346192        0.000000        0.000009
    47      188.854754        0.000000      188.854754        0.000000        0.000007
    48      188.659208        0.000000      188.659208        0.000000        0.000008
    49      189.623913        0.000000      189.623913        0.000000        0.000006
    50      189.061558        0.000000      189.061558        0.000000        0.000005
    51      188.111649        0.000000      188.111649        0.000000        0.000005
    52      189.093595        0.000000      189.093595        0.000000        0.000004
    53      188.262079        0.103063      291.324720        0.000000        0.000011
    54      188.495203        0.000000      188.495203        0.000000        0.000007
    55      188.140700        0.000000      188.140700        0.000000        0.000009
    56      188.632684        0.000000      188.632684        0.000000        0.000006
    57      188.398263        0.000000      188.398263        0.000000        0.000005
    58      188.654708        0.000000      188.654708        0.000000        0.000008
    59      189.245900        0.000000      189.245900        0.000000        0.000004
    60      188.182456        0.000000      188.182456        0.000000        0.000007
    61      188.041676        0.000000      188.041676        0.000000        0.000005
    62      188.514701        0.000000      188.514701        0.000000        0.000005
    63      188.828854        0.000000      188.828854        0.000000        0.000005
    64      188.453764        0.000000      188.453764        0.000000        0.000006
    65      188.123939        0.000000      188.123939        0.000000        0.000005
    66      188.490606        0.000000      188.490606        0.000000        0.000008
    67      188.299240        0.000000      188.299240        0.000000        0.000008
    68      188.620613        0.000000      188.620613        0.000000        0.000005
    69      188.812811        0.000000      188.812811        0.000000        0.000005
    70      188.434769        0.000000      188.434769        0.000000        0.000003
    71      189.061764        0.000000      189.061764        0.000000        0.000007
    72      187.947849        0.000000      187.947849        0.000000        0.000006
    73      187.941062        0.127813      315.754053        0.000000        0.000011
    74      188.195840        0.000000      188.195840        0.000000        0.000007
    75      188.798254        0.000000      188.798254        0.000000        0.000005
    76      188.368070        0.029163      217.531520        0.000000        0.000010
    77      188.752640        0.000000      188.752640        0.000000        0.000005
    78      189.078860        0.000000      189.078860        0.000000        0.000006
    79      188.828619        0.000000      188.828619        0.000000        0.000008
    80      188.429169        0.000000      188.429169        0.000000        0.000009
    81      188.818173        0.000000      188.818173        0.000000        0.000006
    82      188.275893        0.000000      188.275893        0.000000        0.000009
    83      188.134636        0.000000      188.134636        0.000000        0.000009
    84      188.481991        0.000000      188.481991        0.000000        0.000005
    85      188.724516        0.000000      188.724516        0.000000        0.000009
    86      188.540916        0.000000      188.540916        0.000000        0.000006
    87      188.520488        0.000000      188.520488        0.000000        0.000005
    88      188.283623        0.000000      188.283623        0.000000        0.000006
    89      188.312728        0.059639      247.951490        0.000000        0.000011
    90      187.806892        0.000000      187.806892        0.000000        0.000006
    91      188.466285        0.000000      188.466285        0.000000        0.000009
    92      188.763864        0.000000      188.763864        0.000000        0.000005
    93      189.168658        0.000000      189.168658        0.000000        0.000005
    94      188.953909        0.000000      188.953909        0.000000        0.000007
    95      188.115819        0.000000      188.115819        0.000000        0.000008
    96      188.596774        0.000000      188.596774        0.000000        0.000006
    97      188.368717        0.000000      188.368717        0.000000        0.000005
    98      188.826342        0.000000      188.826342        0.000000        0.000005
    99      188.297908        0.000000      188.297908        0.000000        0.000008
   100      188.360648        0.000000      188.360648        0.000000        0.000008
   101      188.506038        0.000000      188.506038        0.000000        0.000008
   102      188.531351        0.000000      188.531351        0.000000        0.000005
   103      188.661221        0.000000      188.661221        0.000000        0.000006
   104      188.233060        0.000000      188.233060        0.000000        0.000007
   105      188.974678        0.000000      188.974678        0.000000        0.000007
   106      188.999269        0.000000      188.999269        0.000000        0.000006
   107      188.452670        0.000000      188.452670        0.000000        0.000006
   108      189.043938        0.000000      189.043938        0.000000        0.000005
   109      188.572596        0.000000      188.572596        0.000000        0.000008
   110      188.335305        0.000000      188.335305        0.000000        0.000007
   111      188.193638        0.000000      188.193638        0.000000        0.000005
   112      188.610173        0.000000      188.610173        0.000000        0.000006
   113      188.562486        0.000000      188.562486        0.000000        0.000007
   114      187.847792        0.000000      187.847792        0.000000        0.000009
   115      189.735423        0.000000      189.735423        0.000000        0.000007
   116      188.578565        0.000000      188.578565        0.000000        0.000008
   117      189.022383        0.000000      189.022383        0.000000        0.000006
   118      188.695423        0.000000      188.695423        0.000000        0.000007
   119      189.371278        0.000000      189.371278        0.000000        0.000009
   120      188.711863        0.000000      188.711863        0.000000        0.000005
   121      187.988223        0.000000      187.988223        0.000000        0.000009
   122      189.104769        0.000000      189.104769        0.000000        0.000008
   123      188.620577        0.000000      188.620577        0.000000        0.000007
   124      188.037941        0.000000      188.037941        0.000000        0.000005
   125      189.173728        0.000000      189.173728        0.000000        0.000007
   126      189.409714        0.000000      189.409714        0.000000        0.000007
   127      188.632734        0.000000      188.632734        0.000000        0.000006
   128      188.233241        0.000000      188.233241        0.000000        0.000006
   129      188.549942        0.000000      188.549942        0.000000        0.000008
   130      188.947411        0.000000      188.947411        0.000000        0.000006
   131      188.889032        0.000000      188.889032        0.000000        0.000005
   132      188.693719        0.000000      188.693719        0.000000        0.000005
   133      188.664749        0.000000      188.664749        0.000000        0.000006
   134      188.643785        0.000000      188.643785        0.000000        0.000006
   135      188.629676        0.000000      188.629676        0.000000        0.000009
   136      188.194984        0.047594      235.789250        0.000000        0.000010
   137      187.973721        0.000000      187.973721        0.000000        0.000007
   138      188.594382        0.000000      188.594382        0.000000        0.000008
   139      188.367632        0.000000      188.367632        0.000000        0.000006
   140      187.975484        0.000000      187.975484        0.000000        0.000009
   141      189.107152        0.000000      189.107152        0.000000        0.000006
   142      188.615717        0.000000      188.615717        0.000000        0.000005
   143      188.878232        0.000000      188.878232        0.000000        0.000006
   144      188.446280        0.000000      188.446280        0.000000        0.000006
   145      188.118362        0.000000      188.118362        0.000000        0.000005
   146      188.237764        0.000000      188.237764        0.000000        0.000007
   147      189.002954        0.000000      189.002954        0.000000        0.000006
   148      188.291287        0.000000      188.291287        0.000000        0.000006
   149      188.656991        0.000000      188.656991        0.000000        0.000009
   150      187.928037        0.000000      187.928037        0.000000        0.000006
   151      189.417606        0.000000      189.417606        0.000000        0.000005
   152      188.372518        0.000000      188.372518        0.000000        0.000008
   153      188.638353        0.000000      188.638353        0.000000        0.000010
   154      188.844095        0.000000      188.844095        0.000000        0.000006
   155      188.914737        0.000000      188.914737        0.000000        0.000006
   156      188.500875        0.000000      188.500875        0.000000        0.000005
   157      188.599335        0.000000      188.599335        0.000000        0.000004
   158      188.444755        0.000000      188.444755        0.000000        0.000006
   159      188.839497        0.000000      188.839497        0.000000        0.000006
   160      189.225518        0.000000      189.225518        0.000000        0.000006
   161      188.528948        0.000000      188.528948        0.000000        0.000005
   162      189.213020        0.000000      189.213020        0.000000        0.000007
   163      187.995591        0.024425      212.420410        0.000000        0.000010
   164      188.090385        0.000000      188.090385        0.000000        0.000006
   165      188.248909        0.000000      188.248909        0.000000        0.000007
   166      188.454150        0.000000      188.454150        0.000000        0.000006
   167      188.721333        0.072484      261.205224        0.000000        0.000011
   168      189.128180        0.000000      189.128180        0.000000        0.000007
   169      188.745725        0.000000      188.745725        0.000000        0.000005
   170      188.821069        0.000000      188.821069        0.000000        0.000006
   171      188.999767        0.000000      188.999767        0.000000        0.000005
   172      188.151790        0.000000      188.151790        0.000000        0.000006
   173      188.296149        0.000000      188.296149        0.000000        0.000007
   174      188.441736        0.000000      188.441736        0.000000        0.000006
   175      188.407104        0.000000      188.407104        0.000000        0.000004
   176      188.877425        0.000000      188.877425        0.000000        0.000005
   177      188.872794        0.000000      188.872794        0.000000        0.000007
   178      188.717737        0.000000      188.717737        0.000000        0.000007
   179      188.630592        0.000000      188.630592        0.000000        0.000005
   180      188.129372        0.000000      188.129372        0.000000        0.000009
   181      188.561206        0.000000      188.561206        0.000000        0.000006
   182      188.606203        0.000000      188.606203        0.000000        0.000006
   183      188.616726        0.000000      188.616726        0.000000        0.000006
   184      188.399180        0.000000      188.399180        0.000000        0.000004
   185      188.488165        0.000000      188.488165        0.000000        0.000006
   186      188.611576        0.000000      188.611576        0.000000        0.000005
   187      188.964422        0.000000      188.964422        0.000000        0.000006
   188      188.789006        0.000000      188.789006        0.000000        0.000005
   189      188.544152        0.000000      188.544152        0.000000        0.000007
   190      188.881317        0.000000      188.881317        0.000000        0.000005
   191      188.177997        0.000000      188.177997        0.000000        0.000008
   192      189.047020        0.000000      189.047020        0.000000        0.000005
   193      188.553613        0.000000      188.553613        0.000000        0.000007
   194      188.572065        0.000000      188.572065        0.000000        0.000007
   195      188.845346        0.000000      188.845346        0.000000        0.000008
   196      188.676058        0.000000      188.676058        0.000000        0.000005
   197      189.144625        0.000000      189.144625        0.000000        0.000007
   198      188.531783        0.000000      188.531783        0.000000        0.000005
   199      188.125178        0.000000      188.125178        0.000000        0.000006
   200      188.617445        0.000000      188.617445        0.000000        0.000006
   201      189.268080        0.000000      189.268080        0.000000        0.000007
   202      188.634897        0.000000      188.634897        0.000000        0.000004
   203      188.360829        0.000000      188.360829        0.000000        0.000006
   204      188.738910        0.000000      188.738910        0.000000        0.000006
   205      188.234176        0.000000      188.234176        0.000000        0.000008
   206      188.066620        0.000000      188.066620        0.000000        0.000009
   207      188.691743        0.000000      188.691743        0.000000        0.000005
   208      188.628338        0.000000      188.628338        0.000000        0.000007
   209      188.063982        0.000000      188.063982        0.000000        0.000008
   210      188.483499        0.000000      188.483499        0.000000        0.000006
   211      188.283868        0.000000      188.283868        0.000000        0.000005
   212      187.962189        0.000000      187.962189        0.000000        0.000009
   213      188.507034        0.000000      188.507034        0.000000        0.000008
   214      188.167060        0.000000      188.167060        0.000000        0.000007
   215      188.448984        0.000000      188.448984        0.000000        0.000006
   216      189.136305        0.000000      189.136305        0.000000        0.000004
   217      188.352822        0.000000      188.352822        0.000000        0.000007
   218      189.045115        0.000000      189.045115        0.000000        0.000005
   219      188.442532        0.000000      188.442532        0.000000        0.000009
   220      189.076128        0.180194      369.269809        0.000000        0.000012
   221      188.304215        0.000000      188.304215        0.000000        0.000006
   222      188.314126        0.000000      188.314126        0.000000        0.000006
   223      188.324259        0.000000      188.324259        0.000000        0.000006
   224      188.558941        0.000000      188.558941        0.000000        0.000007
   225      188.219991        0.000000      188.219991        0.000000        0.000010
   226      188.201231        0.000000      188.201231        0.000000        0.000005
   227      188.766814        0.000000      188.766814        0.000000        0.000006
   228      188.525039        0.000000      188.525039        0.000000        0.000006
   229      189.303328        0.000000      189.303328        0.000000        0.000004
   230      187.640958        0.000000      187.640958        0.000000        0.000006
   231      188.798667        0.000000      188.798667        0.000000        0.000005
   232      188.601884        0.000000      188.601884        0.000000        0.000006
   233      188.522371        0.000000      188.522371        0.000000        0.000005
   234      188.368039        0.000000      188.368039        0.000000        0.000007
   235      189.013894        0.000000      189.013894        0.000000        0.000005
   236      188.460957        0.000000      188.460957        0.000000        0.000004
   237      188.561409        0.000000      188.561409        0.000000        0.000004
   238      188.178913        0.000000      188.178913        0.000000        0.000007
   239      188.947719        0.000000      188.947719        0.000000        0.000005
   240      189.169360        0.000000      189.169360        0.000000        0.000005
   241      188.351489        0.000000      188.351489        0.000000        0.000006
   242      188.089636        0.000000      188.089636        0.000000        0.000007
   243      188.655971        0.000000      188.655971        0.000000        0.000006
   244      188.774350        0.000000      188.774350        0.000000        0.000009
   245      188.440378        0.000000      188.440378        0.000000        0.000007
   246      188.644081        0.000000      188.644081        0.000000        0.000007
   247      188.993623        0.000000      188.993623        0.000000        0.000004
   248      187.726279        0.000000      187.726279        0.000000        0.000007
   249      188.143338        0.000000      188.143338        0.000000        0.000005
   250      188.595011        0.000000      188.595011        0.000000        0.000005
   251      188.918039        0.000000      188.918039        0.000000        0.000005
   252      188.815980        0.000000      188.815980        0.000000        0.000005
   253      189.423136        0.000000      189.423136        0.000000        0.000007
   254      188.240100        0.000000      188.240100        0.000000        0.000006
   255      188.419658        0.000000      188.419658        0.000000        0.000009
   256      189.085679        0.000000      189.085679        0.000000        0.000008
   257      188.923306        0.000000      188.923306        0.000000        0.000006
   258      189.169423        0.000000      189.169423        0.000000        0.000006
   259      188.311622        0.000000      188.311622        0.000000        0.000006
   260      188.277138        0.000000      188.277138        0.000000        0.000006
   261      187.963451        0.000000      187.963451        0.000000        0.000006
   262      188.111527        0.044704      232.816027        0.000000        0.000010
   263      188.556686        0.000000      188.556686        0.000000        0.000009
   264      188.990780        0.000000      188.990780        0.000000        0.000006
   265      188.874056        0.000000      188.874056        0.000000        0.000008
   266      188.006336        0.000000      188.006336        0.000000        0.000009
   267      188.537245        0.000000      188.537245        0.000000        0.000006
   268      188.624337        0.000000      188.624337        0.000000        0.000006
   269      188.756341        0.000000      188.756341        0.000000        0.000005
   270      188.394898        0.000000      188.394898        0.000000        0.000005
   271      189.263460        0.000000      189.263460        0.000000        0.000007
   272      188.765218        0.000000      188.765218        0.000000        0.000004
   273      188.641023        0.000000      188.641023        0.000000        0.000006
   274      188.567613        0.000000      188.567613        0.000000        0.000006
   275      188.662159        0.000000      188.662159        0.000000        0.000005
   276      187.965407        0.000000      187.965407        0.000000        0.000006
   277      188.417562        0.000000      188.417562        0.000000        0.000007
   278      188.620730        0.000000      188.620730        0.000000        0.000006
   279      189.035892        0.000000      189.035892        0.000000        0.000005
   280      188.469193        0.025558      214.026951        0.000000        0.000010
   281      188.721528        0.000000      188.721528        0.000000        0.000006
   282      188.481855        0.000000      188.481855        0.000000        0.000005
   283      188.287357        0.000000      188.287357        0.000000        0.000005
   284      187.959228        0.000000      187.959228        0.000000        0.000007
   285      188.465190        0.000000      188.465190        0.000000        0.000006
   286      189.162866        0.000000      189.162866        0.000000        0.000006
   287      188.365634        0.000000      188.365634        0.000000        0.000008
   288      188.544225        0.000000      188.544225        0.000000        0.000005
   289      188.636836        0.000000      188.636836        0.000000        0.000006
   290      188.617403        0.000000      188.617403        0.000000        0.000005
   291      188.790900        0.000000      188.790900        0.000000        0.000005
   292      188.770760        0.000000      188.770760        0.000000        0.000009
   293      188.510828        0.000000      188.510828        0.000000        0.000005
   294      188.128192        0.000000      188.128192        0.000000        0.000006
   295      188.499276        0.000000      188.499276        0.000000        0.000008
   296      188.857221        0.000000      188.857221        0.000000        0.000009
   297      188.796935        0.000000      188.796935        0.000000        0.000005
   298      188.478328        0.000000      188.478328        0.000000        0.000008
   299      188.555933        0.000000      188.555933        0.000000        0.000005
   300      188.908534        0.000000      188.908534        0.000000        0.000005
   301      187.830226        0.000000      187.830226        0.000000        0.000009
   302      188.795704        0.000000      188.795704        0.000000        0.000005
   303      188.329667        0.000000      188.329667        0.000000        0.000007
   304      188.757776        0.000000      188.757776        0.000000        0.000005
   305      189.273132        0.000000      189.273132        0.000000        0.000005
   306      188.308966        0.000000      188.308966        0.000000        0.000005
   307      188.391536        0.000000      188.391536        0.000000        0.000004
   308      188.061274        0.000000      188.061274        0.000000        0.000006
   309      189.186260        0.000000      189.186260        0.000000        0.000006
   310      188.806028        0.000000      188.806028        0.000000        0.000005
   311      188.638573        0.272841      461.479094        0.000000        0.000013
   312      188.100435        0.000000      188.100435        0.000000        0.000008
   313      189.146763        0.000000      189.146763        0.000000        0.000006
   314      189.280808        0.000000      189.280808        0.000000        0.000006
   315      188.555994        0.000000      188.555994        0.000000        0.000006
   316      188.658879        0.000000      188.658879        0.000000        0.000008
   317      188.738125        0.000000      188.738125        0.000000        0.000006
   318      188.670547        0.000000      188.670547        0.000000        0.000008
   319      188.583551        0.000000      188.583551        0.000000        0.000005
   320      188.228153        0.000000      188.228153        0.000000        0.000009
   321      188.665596        0.000000      188.665596        0.000000        0.000004
   322      188.445040        0.000000      188.445040        0.000000        0.000007
   323      188.235010        0.000000      188.235010        0.000000        0.000008
   324      188.398419        0.000000      188.398419        0.000000        0.000005
   325      188.647431        0.000000      188.647431        0.000000        0.000007
   326      187.852307        0.423180      611.032383        0.000000        0.000014
   327      187.928826        0.283825      471.753394        0.000000        0.000013
   328      188.483806        0.000000      188.483806        0.000000        0.000007
   329      188.577719        0.000000      188.577719        0.000000        0.000007
   330      188.394582        0.000000      188.394582        0.000000        0.000006
   331      188.473559        0.000000      188.473559        0.000000        0.000007
   332      188.312574        0.000000      188.312574        0.000000        0.000004
   333      188.728324        0.000000      188.728324        0.000000        0.000006
   334      188.267906        0.000000      188.267906        0.000000        0.000009
   335      188.810274        0.000000      188.810274        0.000000        0.000005
   336      188.758804        0.000000      188.758804        0.000000        0.000007
   337      188.495640        0.000000      188.495640        0.000000        0.000005
   338      188.507418        0.000000      188.507418        0.000000        0.000005
   339      188.198976        0.000000      188.198976        0.000000        0.000009
   340      188.153565        0.000000      188.153565        0.000000        0.000008
   341      188.110046        0.000000      188.110046        0.000000        0.000007
   342      188.749125        0.000000      188.749125        0.000000        0.000005
   343      188.342389        0.000000      188.342389        0.000000        0.000007
   344      188.343708        0.000000      188.343708        0.000000        0.000007
   345      187.915616        0.000000      187.915616        0.000000        0.000010
   346      188.294828        0.000000      188.294828        0.000000        0.000007
   347      188.791671        0.000000      188.791671        0.000000        0.000007
   348      188.528929        0.000000      188.528929        0.000000        0.000006
   349      188.562261        0.000000      188.562261        0.000000        0.000006
   350      188.595085        0.000000      188.595085        0.000000        0.000005
   351      187.683825        0.267678      455.362186        0.000000        0.000013
   352      189.261019        0.000000      189.261019        0.000000        0.000005
   353      188.970629        0.000000      188.970629        0.000000        0.000007
   354      188.657881        0.000000      188.657881        0.000000        0.000006
   355      188.785745        0.000000      188.785745        0.000000        0.000007
   356      188.436236        0.000000      188.436236        0.000000        0.000006
   357      188.178341        0.123969      312.147811        0.000000        0.000011
   358      189.208019        0.000000      189.208019        0.000000        0.000007
   359      188.579854        0.000000      188.579854        0.000000        0.000006
   360      188.446030        0.000000      188.446030        0.000000        0.000005
   361      188.869498        0.000000      188.869498        0.000000        0.000006
   362      188.281817        0.000000      188.281817        0.000000        0.000007
   363      188.385968        0.000000      188.385968        0.000000        0.000004
   364      188.339948        0.000000      188.339948        0.000000        0.000008
   365      188.934482        0.000000      188.934482        0.000000        0.000006
   366      188.917034        0.000000      188.917034        0.000000        0.000005
   367      188.306697        0.000000      188.306697        0.000000        0.000006
   368      189.019921        0.000000      189.019921        0.000000        0.000007
   369      189.041142        0.000000      189.041142        0.000000        0.000006
   370      188.677676        0.000000      188.677676        0.000000        0.000006
   371      187.856085        0.000000      187.856085        0.000000        0.000007
   372      188.412342        0.000000      188.412342        0.000000        0.000007
   373      188.291129        0.000000      188.291129        0.000000        0.000005
   374      189.293652        0.000000      189.293652        0.000000        0.000005
   375      189.018014        0.000000      189.018014        0.000000        0.000007
   376      188.561414        0.000000      188.561414        0.000000        0.000005
   377      188.200970        0.000000      188.200970        0.000000        0.000005
   378      189.016538        0.000000      189.016538        0.000000        0.000005
   379      188.732369        0.000000      188.732369        0.000000        0.000005
   380      188.559501        0.000000      188.559501        0.000000        0.000006
   381      188.984227        0.000000      188.984227        0.000000        0.000005
   382      188.486049        0.000000      188.486049        0.000000        0.000005
   383      187.980058        0.073515      261.495077        0.000000        0.000011
   384      188.572373        0.000000      188.572373        0.000000        0.000005
   385      188.336673        0.000000      188.336673        0.000000        0.000006
   386      188.551511        0.000000      188.551511        0.000000        0.000007
   387      188.428115        0.000000      188.428115        0.000000        0.000007
   388      188.748347        0.000000      188.748347        0.000000        0.000005
   389      188.848725        0.000000      188.848725        0.000000        0.000006
   390      188.252292        0.000000      188.252292        0.000000        0.000006
   391      188.586905        0.000000      188.586905        0.000000        0.000004
   392      189.200482        0.000000      189.200482        0.000000        0.000004
   393      189.185446        0.000000      189.185446        0.000000        0.000007
   394      188.552846        0.000000      188.552846        0.000000        0.000008
   395      188.482914        0.000000      188.482914        0.000000        0.000007
   396      188.859700        0.000000      188.859700        0.000000        0.000005
   397      188.394276        0.000000      188.394276        0.000000        0.000006
   398      188.268448        0.000000      188.268448        0.000000        0.000009
   399      188.991701        0.000000      188.991701        0.000000        0.000006
   400      188.988909        0.000000      188.988909        0.000000        0.000009
   401      188.777733        0.000000      188.777733        0.000000        0.000007
   402      188.160585        0.000000      188.160585        0.000000        0.000007
   403      187.963083        0.000000      187.963083        0.000000        0.000006
   404      188.206562        0.000000      188.206562        0.000000        0.000007
   405      188.481365        0.000000      188.481365        0.000000        0.000005
   406      189.189760        0.000000      189.189760        0.000000        0.000008
   407      188.133593        0.000000      188.133593        0.000000        0.000007
   408      188.819275        0.000000      188.819275        0.000000        0.000006
   409      188.478230        0.000000      188.478230        0.000000        0.000005
   410      188.481919        0.000000      188.481919        0.000000        0.000005
   411      188.633707        0.000000      188.633707        0.000000        0.000004
   412      188.654031        0.000000      188.654031        0.000000        0.000009
   413      188.856789        0.000000      188.856789        0.000000        0.000005
   414      188.671784        0.000000      188.671784        0.000000        0.000006
   415      188.187079        0.000000      188.187079        0.000000        0.000007
   416      188.669213        0.000000      188.669213        0.000000        0.000007
   417      188.788342        0.000000      188.788342        0.000000        0.000006
   418      188.490731        0.000000      188.490731        0.000000        0.000007
   419      188.133726        0.000000      188.133726        0.000000        0.000009
   420      188.820907        0.000000      188.820907        0.000000        0.000007
   421      189.263590        0.000000      189.263590        0.000000        0.000006
   422      188.282791        0.000000      188.282791        0.000000        0.000008
   423      188.666011        0.000000      188.666011        0.000000        0.000006
   424      188.250782        0.000000      188.250782        0.000000        0.000006
   425      188.908859        0.000000      188.908859        0.000000        0.000005
   426      188.307513        0.000000      188.307513        0.000000        0.000005
   427      188.004212        0.000000      188.004212        0.000000        0.000007
   428      188.149786        0.000000      188.149786        0.000000        0.000010
   429      188.817379        0.000000      188.817379        0.000000        0.000006
   430      188.425563        0.000000      188.425563        0.000000        0.000005
   431      188.632827        0.000000      188.632827        0.000000        0.000007
   432      188.673318        0.000000      188.673318        0.000000        0.000005
   433      189.060054        0.000000      189.060054        0.000000        0.000006
   434      189.222938        0.000000      189.222938        0.000000        0.000006
   435      188.744584        0.000000      188.744584        0.000000        0.000003
   436      188.348601        0.000000      188.348601        0.000000        0.000006
   437      188.559381        0.000000      188.559381        0.000000        0.000004
   438      188.657972        0.000000      188.657972        0.000000        0.000006
   439      189.169151        0.000000      189.169151        0.000000        0.000006
   440      188.664412        0.000000      188.664412        0.000000        0.000007
   441      188.295939        0.000000      188.295939        0.000000        0.000010
   442      187.691246        0.019155      206.846394        0.000000        0.000010
   443      188.901225        0.000000      188.901225        0.000000        0.000004
   444      188.569160        0.000000      188.569160        0.000000        0.000007
   445      188.792549        0.000000      188.792549        0.000000        0.000006
   446      189.293124        0.000000      189.293124        0.000000        0.000005
   447      188.020423        0.000000      188.020423        0.000000        0.000007
   448      189.305880        0.000000      189.305880        0.000000        0.000005
   449      188.668422        0.000000      188.668422        0.000000        0.000007
   450      188.661409        0.000000      188.661409        0.000000        0.000009
   451      188.716627        0.000000      188.716627        0.000000        0.000006
   452      188.424051        0.000000      188.424051        0.000000        0.000010
   453      188.692527        0.000000      188.692527        0.000000        0.000007
   454      188.563745        0.000000      188.563745        0.000000        0.000006
   455      188.038938        0.000000      188.038938        0.000000        0.000007
   456      188.925122        0.000000      188.925122        0.000000        0.000005
   457      188.256188        0.000000      188.256188        0.000000        0.000008
   458      189.336867        0.000000      189.336867        0.000000        0.000004
   459      188.565095        0.000000      188.565095        0.000000        0.000004
   460      188.778719        0.000000      188.778719        0.000000        0.000006
   461      187.991843        0.000000      187.991843        0.000000        0.000007
   462      187.950773        0.000000      187.950773        0.000000        0.000007
   463      188.713999        0.000000      188.713999        0.000000        0.000008
   464      188.443952        0.000000      188.443952        0.000000        0.000006
   465      188.145181        0.000000      188.145181        0.000000        0.000006
   466      188.472175        0.000000      188.472175        0.000000        0.000006
   467      188.852433        0.000000      188.852433        0.000000        0.000004
   468      188.700713        0.000000      188.700713        0.000000        0.000005
   469      188.631503        0.000000      188.631503        0.000000        0.000006
   470      188.710092        0.000000      188.710092        0.000000        0.000006
   471      187.883565        0.000000      187.883565        0.000000        0.000009
   472      187.820068        0.000000      187.820068        0.000000        0.000007
   473      188.446956        0.000000      188.446956        0.000000        0.000005
   474      188.351792        0.000000      188.351792        0.000000        0.000005
   475      188.781565        0.000000      188.781565        0.000000        0.000007
   476      188.800919        0.000000      188.800919        0.000000        0.000008
   477      188.136755        0.000000      188.136755        0.000000        0.000005
   478      188.226096        0.000000      188.226096        0.000000        0.000005
   479      189.018617        0.000000      189.018617        0.000000        0.000007
   480      188.781586        0.000000      188.781586        0.000000        0.000005
   481      188.316779        0.000000      188.316779        0.000000        0.000005
   482      187.869581        0.000000      187.869581        0.000000        0.000009
   483      188.388385        0.000000      188.388385        0.000000        0.000009
   484      189.289339        0.000000      189.289339        0.000000        0.000005
   485      188.164923        0.000000      188.164923        0.000000        0.000006
   486      188.226914        0.000000      188.226914        0.000000        0.000009
   487      188.923230        0.000000      188.923230        0.000000        0.000004
   488      188.942258        0.000000      188.942258        0.000000        0.000005
   489      188.774724        0.000000      188.774724        0.000000        0.000005
   490      188.132659        0.000000      188.132659        0.000000        0.000007
   491      188.869825        0.000000      188.869825        0.000000        0.000008
   492      188.712729        0.000000      188.712729        0.000000        0.000005
   493      188.521919        0.000000      188.521919        0.000000        0.000005
   494      187.943478        0.000000      187.943478        0.000000        0.000006
   495      187.984083        0.000000      187.984083        0.000000        0.000009
   496      188.401540        0.000000      188.401540        0.000000        0.000005
   497      189.040160        0.000000      189.040160        0.000000        0.000004
   498      188.349474        0.000000      188.349474        0.000000        0.000006
   499      188.756696        0.000000      188.756696        0.000000        0.000006
   500      188.281240        0.000000      188.281240        0.000000        0.000008
   501      188.786741        0.000000      188.786741        0.000000        0.000006
   502      188.265863        0.000000      188.265863        0.000000        0.000006
   503      189.160999        0.000000      189.160999        0.000000        0.000005
   504      188.378563        0.000000      188.378563        0.000000        0.000005
   505      188.788827        0.000000      188.788827        0.000000        0.000009
   506      188.070575        0.000000      188.070575        0.000000        0.000005
   507      188.062122        0.000000      188.062122        0.000000        0.000007
   508      188.832000        0.000000      188.832000        0.000000        0.000006
   509      188.657768        0.000000      188.657768        0.000000        0.000005
   510      188.295944        0.000000      188.295944        0.000000        0.000004
   511      188.027020        0.000000      188.027020        0.000000        0.000007
   512      188.354672        0.000000      188.354672        0.000000        0.000007
   513      188.252832        0.000000      188.252832        0.000000        0.000006
   514      188.639307        0.000000      188.639307        0.000000        0.000008
   515      188.061243        0.000000      188.061243        0.000000        0.000007
   516      188.633691        0.000000      188.633691        0.000000        0.000005
   517      188.901405        0.000000      188.901405        0.000000        0.000006
   518      188.598214        0.000000      188.598214        0.000000        0.000006
   519      188.673292        0.000000      188.673292        0.000000        0.000006
   520      188.111264        0.000000      188.111264        0.000000        0.000007
   521      188.406209        0.000000      188.406209        0.000000        0.000004
   522      188.471042        0.000000      188.471042        0.000000        0.000008
   523      189.021367        0.000000      189.021367        0.000000        0.000003
   524      188.835978        0.000000      188.835978        0.000000        0.000009
   525      188.577332        0.000000      188.577332        0.000000        0.000008
   526      188.459185        0.359994      548.452894        0.000000        0.000014
   527      188.545320        0.000000      188.545320        0.000000        0.000006
   528      188.362609        0.000000      188.362609        0.000000        0.000007
   529      188.887770        0.000000      188.887770        0.000000        0.000008
   530      188.692570        0.000000      188.692570        0.000000        0.000008
   531      188.581432        0.000000      188.581432        0.000000        0.000005
   532      189.088452        0.000000      189.088452        0.000000        0.000005
   533      188.422829        0.000000      188.422829        0.000000        0.000007
   534      188.485570        0.000000      188.485570        0.000000        0.000007
   535      188.381861        0.000000      188.381861        0.000000        0.000007
   536      188.740816        0.000000      188.740816        0.000000        0.000005
   537      188.584696        0.000000      188.584696        0.000000        0.000006
   538      188.982625        0.000000      188.982625        0.000000        0.000007
   539      188.606349        0.000000      188.606349        0.000000        0.000005
   540      188.058791        0.081266      269.324380        0.000000        0.000011
   541      188.197202        0.000000      188.197202        0.000000        0.000008
   542      188.450625        0.000000      188.450625        0.000000        0.000006
   543      188.998999        0.000000      188.998999        0.000000        0.000005
   544      188.518965        0.000000      188.518965        0.000000        0.000006
   545      188.640286        0.000000      188.640286        0.000000        0.000006
   546      188.086171        0.000000      188.086171        0.000000        0.000007
   547      188.493199        0.000000      188.493199        0.000000        0.000006
   548      188.365691        0.000000      188.365691        0.000000        0.000008
   549      188.358011        0.000000      188.358011        0.000000        0.000006
   550      189.027334        0.000000      189.027334        0.000000        0.000007
   551      188.562673        0.000000      188.562673        0.000000        0.000007
   552      188.381249        0.000000      188.381249        0.000000        0.000006
   553      188.517175        0.000000      188.517175        0.000000        0.000005
   554      188.712756        0.000000      188.712756        0.000000        0.000007
   555      188.639435        0.000000      188.639435        0.000000        0.000006
   556      188.763745        0.000000      188.763745        0.000000        0.000006
   557      188.546358        0.000000      188.546358        0.000000        0.000007
   558      188.528920        0.000000      188.528920        0.000000        0.000006
   559      188.378455        0.000000      188.378455        0.000000        0.000006
   560      188.148606        0.000000      188.148606        0.000000        0.000007
   561      189.111110        0.000000      189.111110        0.000000        0.000005
   562      187.781102        0.000000      187.781102        0.000000        0.000005
   563      188.760262        0.000000      188.760262        0.000000        0.000008
   564      188.665001        0.000000      188.665001        0.000000        0.000005
   565      188.838808        0.000000      188.838808        0.000000        0.000007
   566      188.522688        0.000000      188.522688        0.000000        0.000004
   567      188.522125        0.000000      188.522125        0.000000        0.000007
   568      188.825189        0.000000      188.825189        0.000000        0.000007
   569      188.913839        0.000000      188.913839        0.000000        0.000005
   570      188.643970        0.000000      188.643970        0.000000        0.000006
   571      188.369889        0.000000      188.369889        0.000000        0.000007
   572      189.432763        0.000000      189.432763        0.000000        0.000005
   573      189.162869        0.000000      189.162869        0.000000        0.000004
   574      188.454851        0.000000      188.454851        0.000000        0.000007
   575      188.770629        0.000000      188.770629        0.000000        0.000006
   576      188.173555        0.000000      188.173555        0.000000        0.000009
   577      188.455360        0.000000      188.455360        0.000000        0.000008
   578      188.723919        0.000000      188.723919        0.000000        0.000007
   579      188.723861        0.000000      188.723861        0.000000        0.000006
   580      188.303124        0.000000      188.303124        0.000000        0.000007
   581      188.594395        0.000000      188.594395        0.000000        0.000006
   582      188.640984        0.000000      188.640984        0.000000        0.000005
   583      188.956555        0.000000      188.956555        0.000000        0.000007
   584      188.222289        0.000000      188.222289        0.000000        0.000005
   585      188.837808        0.000000      188.837808        0.000000        0.000006
   586      188.602157        0.000000      188.602157        0.000000        0.000005
   587      188.899757        0.000000      188.899757        0.000000        0.000006
   588      188.688203        0.000000      188.688203        0.000000        0.000006
   589      188.675903        0.000000      188.675903        0.000000        0.000005
   590      188.633863        0.000000      188.633863        0.000000        0.000005
   591      188.795099        0.000000      188.795099        0.000000        0.000008
   592      188.324360        0.000000      188.324360        0.000000        0.000006
   593      188.095481        0.000000      188.095481        0.000000        0.000004
   594      189.535968        0.000000      189.535968        0.000000        0.000005
   595      188.378979        0.000000      188.378979        0.000000        0.000007
   596      188.191111        0.000000      188.191111        0.000000        0.000008
   597      188.130482        0.000000      188.130482        0.000000        0.000006
   598      188.360901        0.000000      188.360901        0.000000        0.000006
   599      188.976758        0.000000      188.976758        0.000000        0.000006
   600      188.259908        0.000000      188.259908        0.000000        0.000007
   601      187.679474        0.000000      187.679474        0.000000        0.000009
   602      188.668487        0.000000      188.668487        0.000000        0.000007
   603      189.333766        0.000000      189.333766        0.000000        0.000005
   604      187.894855        0.000000      187.894855        0.000000        0.000006
   605      188.894029        0.000000      188.894029        0.000000        0.000004
   606      189.059809        0.000000      189.059809        0.000000        0.000006
   607      188.367981        0.000000      188.367981        0.000000        0.000006
   608      188.941455        0.000000      188.941455        0.000000        0.000005
   609      188.424501        0.000000      188.424501        0.000000        0.000006
   610      188.065929        0.000000      188.065929        0.000000        0.000007
   611      187.737330        0.000000      187.737330        0.000000        0.000009
   612      188.578063        0.000000      188.578063        0.000000        0.000008
   613      188.326408        0.000000      188.326408        0.000000        0.000005
   614      188.731761        0.000000      188.731761        0.000000        0.000009
   615      189.172070        0.000000      189.172070        0.000000        0.000005
   616      188.269748        0.000000      188.269748        0.000000        0.000008
   617      189.064721        0.000000      189.064721        0.000000        0.000007
   618      187.642425        0.000000      187.642425        0.000000        0.000009
   619      188.084800        0.000000      188.084800        0.000000        0.000006
   620      188.541208        0.000000      188.541208        0.000000        0.000008
   621      188.731774        0.000000      188.731774        0.000000        0.000005
   622      188.412824        0.000000      188.412824        0.000000        0.000005
   623      188.713788        0.000000      188.713788        0.000000        0.000007
   624      188.499673        0.000000      188.499673        0.000000        0.000010
   625      187.807762        0.000000      187.807762        0.000000        0.000007
   626      188.603679        0.000000      188.603679        0.000000        0.000006
   627      188.087447        0.056131      244.218254        0.000000        0.000011
   628      188.786753        0.000000      188.786753        0.000000        0.000005
   629      189.203957        0.000000      189.203957        0.000000        0.000004
   630      188.735264        0.000000      188.735264        0.000000        0.000004
   631      188.507827        0.000000      188.507827        0.000000        0.000009
   632      187.990101        0.000000      187.990101        0.000000        0.000007
   633      188.742676        0.000000      188.742676        0.000000        0.000005
   634      188.593762        0.000000      188.593762        0.000000        0.000005
   635      188.461185        0.000000      188.461185        0.000000        0.000006
   636      188.768467        0.000000      188.768467        0.000000        0.000005
   637      188.456105        0.000000      188.456105        0.000000        0.000007
   638      189.040919        0.000000      189.040919        0.000000        0.000007
   639      189.214196        0.000000      189.214196        0.000000        0.000004
   640      188.683547        0.000000      188.683547        0.000000        0.000006
   641      188.386595        0.000000      188.386595        0.000000        0.000006
   642      188.792199        0.000000      188.792199        0.000000        0.000006
   643      188.294606        0.000000      188.294606        0.000000        0.000009
   644      188.772766        0.000000      188.772766        0.000000        0.000009
   645      188.295661        0.000000      188.295661        0.000000        0.000005
   646      189.159060        0.000000      189.159060        0.000000        0.000006
   647      189.158423        0.000000      189.158423        0.000000        0.000006
   648      188.021082        0.000000      188.021082        0.000000        0.000009
   649      189.189259        0.000000      189.189259        0.000000        0.000004
   650      188.561415        0.000000      188.561415        0.000000        0.000009
   651      188.763898        0.000000      188.763898        0.000000        0.000007
   652      188.693227        0.000000      188.693227        0.000000        0.000007
   653      189.123208        0.000000      189.123208        0.000000        0.000005
   654      188.343056        0.000000      188.343056        0.000000        0.000008
   655      188.744506        0.000000      188.744506        0.000000        0.000007
   656      188.688295        0.000000      188.688295        0.000000        0.000008
   657      188.378761        0.000000      188.378761        0.000000        0.000007
   658      188.109115        0.000000      188.109115        0.000000        0.000006
   659      188.026004        0.000000      188.026004        0.000000        0.000008
   660      188.778771        0.000000      188.778771        0.000000        0.000007
   661      188.362902        0.000000      188.362902        0.000000        0.000009
   662      188.388352        0.000000      188.388352        0.000000        0.000007
   663      188.846628        0.000000      188.846628        0.000000        0.000003
   664      188.290330        0.000000      188.290330        0.000000        0.000008
   665      188.340896        0.000000      188.340896        0.000000        0.000007
   666      188.803792        0.000000      188.803792        0.000000        0.000006
   667      188.005083        0.000000      188.005083        0.000000        0.000005
   668      188.652338        0.000000      188.652338        0.000000        0.000006
   669      188.842268        0.000000      188.842268        0.000000        0.000004
   670      188.473884        0.000000      188.473884        0.000000        0.000008
   671      188.224653        0.000000      188.224653        0.000000        0.000007
   672      189.002853        0.000000      189.002853        0.000000        0.000006
   673      188.725728        0.000000      188.725728        0.000000        0.000006
   674      189.080603        0.000000      189.080603        0.000000        0.000006
   675      188.869027        0.000000      188.869027        0.000000        0.000005
   676      188.031375        0.000000      188.031375        0.000000        0.000008
   677      187.706438        0.000000      187.706438        0.000000        0.000008
   678      188.516539        0.000000      188.516539        0.000000        0.000010
   679      187.988737        0.000000      187.988737        0.000000        0.000007
   680      189.199022        0.000000      189.199022        0.000000        0.000004
   681      188.667659        0.000000      188.667659        0.000000        0.000007
   682      188.610600        0.000000      188.610600        0.000000        0.000005
   683      189.084366        0.000000      189.084366        0.000000        0.000004
   684      188.309012        0.000000      188.309012        0.000000        0.000004
   685      188.217458        0.000000      188.217458        0.000000        0.000006
   686      189.216443        0.000000      189.216443        0.000000        0.000007
   687      188.563438        0.000000      188.563438        0.000000        0.000008
   688      189.390917        0.000000      189.390917        0.000000        0.000009
   689      188.173422        0.000000      188.173422        0.000000        0.000007
   690      188.603840        0.000000      188.603840        0.000000        0.000004
   691      188.909334        0.000000      188.909334        0.000000        0.000006
   692      188.134996        0.000000      188.134996        0.000000        0.000007
   693      189.477721        0.000000      189.477721        0.000000        0.000005
   694      188.758792        0.000000      188.758792        0.000000        0.000006
   695      187.908753        0.000000      187.908753        0.000000        0.000010
   696      188.516927        0.000000      188.516927        0.000000        0.000004
   697      189.144300        0.000000      189.144300        0.000000        0.000007
   698      188.334000        0.000000      188.334000        0.000000        0.000006
   699      187.951226        0.000000      187.951226        0.000000        0.000009
   700      188.984214        0.000000      188.984214        0.000000        0.000007
   701      188.773049        0.000000      188.773049        0.000000        0.000008
   702      188.544694        0.000000      188.544694        0.000000        0.000008
   703      188.118584        0.000000      188.118584        0.000000        0.000006
   704      188.661291        0.000000      188.661291        0.000000        0.000007
   705      188.192279        0.000000      188.192279        0.000000        0.000006
   706      188.285734        0.000000      188.285734        0.000000        0.000006
   707      187.785664        0.000000      187.785664        0.000000        0.000008
   708      188.517303        0.000000      188.517303        0.000000        0.000007
   709      188.385096        0.000000      188.385096        0.000000        0.000007
   710      189.166343        0.000000      189.166343        0.000000        0.000006
   711      189.003544        0.000000      189.003544        0.000000        0.000005
   712      188.686452        0.000000      188.686452        0.000000        0.000004
   713      188.900016        0.000000      188.900016        0.000000        0.000005
   714      188.492641        0.000000      188.492641        0.000000        0.000006
   715      188.607810        0.000000      188.607810        0.000000        0.000007
   716      188.058821        0.000000      188.058821        0.000000        0.000008
   717      189.607911        0.000000      189.607911        0.000000        0.000004
   718      188.275766        0.000000      188.275766        0.000000        0.000007
   719      188.654964        0.000000      188.654964        0.000000        0.000006
   720      188.602646        0.000000      188.602646        0.000000        0.000008
   721      188.343642        0.000000      188.343642        0.000000        0.000008
   722      188.394259        0.000000      188.394259        0.000000        0.000006
   723      188.880716        0.000000      188.880716        0.000000        0.000005
   724      188.757010        0.000000      188.757010        0.000000        0.000007
   725      188.749951        0.000000      188.749951        0.000000        0.000005
   726      188.393427        0.000000      188.393427        0.000000        0.000004
   727      188.922252        0.000000      188.922252        0.000000        0.000005
   728      188.303522        0.000000      188.303522        0.000000        0.000008
   729      188.092606        0.000000      188.092606        0.000000        0.000006
   730      188.344978        0.000000      188.344978        0.000000        0.000007
   731      188.414661        0.000000      188.414661        0.000000        0.000008
   732      189.106726        0.000000      189.106726        0.000000        0.000004
   733      188.559222        0.000000      188.559222        0.000000        0.000009
   734      188.705504        0.000000      188.705504        0.000000        0.000006
   735      188.621617        0.000000      188.621617        0.000000        0.000005
   736      188.185077        0.000000      188.185077        0.000000        0.000010
   737      188.497086        0.000000      188.497086        0.000000        0.000005
   738      188.990674        0.000000      188.990674        0.000000        0.000007
   739      188.301763        0.000000      188.301763        0.000000        0.000007
   740      188.323507        0.000000      188.323507        0.000000        0.000008
   741      188.310675        0.000000      188.310675        0.000000        0.000007
   742      188.830305        0.000000      188.830305        0.000000        0.000008
   743      188.599852        0.000000      188.599852        0.000000        0.000007
   744      189.162969        0.000000      189.162969        0.000000        0.000005
   745      188.674051        0.000000      188.674051        0.000000        0.000005
   746      188.843103        0.000000      188.843103        0.000000        0.000006
   747      188.316142        0.000000      188.316142        0.000000        0.000007
   748      188.574480        0.000000      188.574480        0.000000        0.000005
   749      188.390800        0.000000      188.390800        0.000000        0.000007
   750      188.514701        0.000000      188.514701        0.000000        0.000005
   751      188.156758        0.000000      188.156758        0.000000        0.000006
   752      188.346300        0.000000      188.346300        0.000000        0.000007
   753      188.311635        0.000000      188.311635        0.000000        0.000007
   754      188.870620        0.000000      188.870620        0.000000        0.000005
   755      187.806390        0.000000      187.806390        0.000000        0.000008
   756      188.871359        0.000000      188.871359        0.000000        0.000005
   757      189.096889        0.000000      189.096889        0.000000        0.000006
   758      188.749847        0.000000      188.749847        0.000000        0.000007
   759      188.002720        0.000000      188.002720        0.000000        0.000007
   760      188.723860        0.000000      188.723860        0.000000        0.000006
   761      188.261229        0.000000      188.261229        0.000000        0.000005
   762      188.348761        0.000000      188.348761        0.000000        0.000007
   763      188.795246        0.000000      188.795246        0.000000        0.000007
   764      188.943404        0.000000      188.943404        0.000000        0.000004
   765      189.320873        0.000000      189.320873        0.000000        0.000005
   766      188.408422        0.000000      188.408422        0.000000        0.000005
   767      188.917536        0.000000      188.917536        0.000000        0.000004
   768      188.306402        0.000000      188.306402        0.000000        0.000010
   769      188.477300        0.000000      188.477300        0.000000        0.000005
   770      188.636668        0.000000      188.636668        0.000000        0.000004
   771      188.295634        0.000000      188.295634        0.000000        0.000007
   772      188.505465        0.000000      188.505465        0.000000        0.000008
   773      189.136804        0.000000      189.136804        0.000000        0.000006
   774      189.193548        0.000000      189.193548        0.000000        0.000008
   775      188.527258        0.000000      188.527258        0.000000        0.000006
   776      188.237988        0.000000      188.237988        0.000000        0.000004
   777      188.210591        0.000000      188.210591        0.000000        0.000006
   778      188.153818        0.000000      188.153818        0.000000        0.000007
   779      188.608547        0.000000      188.608547        0.000000        0.000004
   780      189.110517        0.000000      189.110517        0.000000        0.000008
   781      188.125621        0.000000      188.125621        0.000000        0.000006
   782      188.043655        0.177492      365.535714        0.000000        0.000012
   783      188.748210        0.000000      188.748210        0.000000        0.000005
   784      188.623331        0.000000      188.623331        0.000000        0.000005
   785      188.809176        0.000000      188.809176        0.000000        0.000005
   786      189.078295        0.000000      189.078295        0.000000        0.000005
   787      188.585766        0.000000      188.585766        0.000000        0.000004
   788      188.535060        0.000000      188.535060        0.000000        0.000005
   789      189.131535        0.000000      189.131535        0.000000        0.000008
   790      188.863214        0.000000      188.863214        0.000000        0.000006
   791      187.905127        0.000000      187.905127        0.000000        0.000006
   792      188.558884        0.000000      188.558884        0.000000        0.000005
   793      188.106776        0.000000      188.106776        0.000000        0.000006
   794      188.427972        0.000000      188.427972        0.000000        0.000008
   795      188.230823        0.000000      188.230823        0.000000        0.000007
   796      188.476986        0.000000      188.476986        0.000000        0.000008
   797      188.910551        0.000000      188.910551        0.000000        0.000007
   798      188.298783        0.000000      188.298783        0.000000        0.000008
   799      188.012622        0.000000      188.012622        0.000000        0.000007
   800      188.519426        0.000000      188.519426        0.000000        0.000009
   801      188.595700        0.000000      188.595700        0.000000        0.000006
   802      188.186131        0.000000      188.186131        0.000000        0.000006
   803      188.589634        0.000000      188.589634        0.000000        0.000009
   804      188.636859        0.000000      188.636859        0.000000        0.000008
   805      188.656706        0.000000      188.656706        0.000000        0.000004
   806      188.015998        0.059004      247.020283        0.000000        0.000011
   807      188.757398        0.000000      188.757398        0.000000        0.000006
   808      188.724639        0.000000      188.724639        0.000000        0.000006
   809      188.428015        0.000000      188.428015        0.000000        0.000004
   810      188.009340        0.000000      188.009340        0.000000        0.000006
   811      189.072639        0.000000      189.072639        0.000000        0.000007
   812      188.776628        0.000000      188.776628        0.000000        0.000006
   813      188.495027        0.000000      188.495027        0.000000        0.000007
   814      188.985786        0.000000      188.985786        0.000000        0.000007
   815      188.133819        0.000000      188.133819        0.000000        0.000009
   816      188.664314        0.000000      188.664314        0.000000        0.000007
   817      188.982349        0.000000      188.982349        0.000000        0.000005
   818      188.477272        0.000000      188.477272        0.000000        0.000006
   819      188.612252        0.000000      188.612252        0.000000        0.000004
   820      188.335010        0.000000      188.335010        0.000000        0.000009
   821      188.347783        0.000000      188.347783        0.000000        0.000008
   822      188.375590        0.000000      188.375590        0.000000        0.000006
   823      188.734038        0.000000      188.734038        0.000000        0.000006
   824      188.443493        0.000000      188.443493        0.000000        0.000006
   825      188.336108        0.000000      188.336108        0.000000        0.000009
   826      188.616265        0.000000      188.616265        0.000000        0.000005
   827      189.467797        0.000000      189.467797        0.000000        0.000007
   828      188.870590        0.000000      188.870590        0.000000        0.000006
   829      189.088729        0.000000      189.088729        0.000000        0.000005
   830      188.262045        0.000000      188.262045        0.000000        0.000009
   831      189.005876        0.000000      189.005876        0.000000        0.000005
   832      188.846930        0.000000      188.846930        0.000000        0.000007
   833      188.138213        0.000000      188.138213        0.000000        0.000007
   834      188.651331        0.000000      188.651331        0.000000        0.000005
   835      188.041727        0.000000      188.041727        0.000000        0.000008
   836      189.401899        0.000000      189.401899        0.000000        0.000004
   837      189.279303        0.000000      189.279303        0.000000        0.000008
   838      188.647190        0.000000      188.647190        0.000000        0.000005
   839      188.117273        0.000000      188.117273        0.000000        0.000006
   840      188.271756        0.000000      188.271756        0.000000        0.000008
   841      188.257177        0.000000      188.257177        0.000000        0.000006
   842      188.800403        0.000000      188.800403        0.000000        0.000007
   843      188.576795        0.000000      188.576795        0.000000        0.000008
   844      188.601625        0.000000      188.601625        0.000000        0.000006
   845      188.447644        0.000000      188.447644        0.000000        0.000003
   846      188.911423        0.000000      188.911423        0.000000        0.000005
   847      189.362440        0.000000      189.362440        0.000000        0.000006
   848      189.031021        0.000000      189.031021        0.000000        0.000004
   849      188.390330        0.000000      188.390330        0.000000        0.000009
   850      188.201645        0.000000      188.201645        0.000000        0.000008
   851      188.972711        0.000000      188.972711        0.000000        0.000003
   852      188.532687        0.000000      188.532687        0.000000        0.000006
   853      188.507448        0.000000      188.507448        0.000000        0.000005
   854      188.024786        0.000000      188.024786        0.000000        0.000005
   855      187.955162        0.000000      187.955162        0.000000        0.000006
   856      188.499031        0.000000      188.499031        0.000000        0.000008
   857      188.229688        0.291499      479.728265        0.000000        0.000013
   858      187.656358        0.000000      187.656358        0.000000        0.000009
   859      188.299558        0.000000      188.299558        0.000000        0.000004
   860      188.057346        0.000000      188.057346        0.000000        0.000008
   861      188.571362        0.000000      188.571362        0.000000        0.000008
   862      188.926172        0.000000      188.926172        0.000000        0.000005
   863      189.096214        0.000000      189.096214        0.000000        0.000005
   864      188.475389        0.000000      188.475389        0.000000        0.000005
   865      188.640388        0.000000      188.640388        0.000000        0.000005
   866      188.299413        0.000000      188.299413        0.000000        0.000006
   867      189.257836        0.000000      189.257836        0.000000        0.000006
   868      188.430942        0.000000      188.430942        0.000000        0.000008
   869      188.373038        0.000000      188.373038        0.000000        0.000007
   870      188.484288        0.000000      188.484288        0.000000        0.000005
   871      188.578935        0.000000      188.578935        0.000000        0.000008
   872      188.251746        0.000000      188.251746        0.000000        0.000007
   873      188.852116        0.000000      188.852116        0.000000        0.000005
   874      188.503047        0.000000      188.503047        0.000000        0.000008
   875      188.902017        0.000000      188.902017        0.000000        0.000008
   876      189.031905        0.000000      189.031905        0.000000        0.000005
   877      188.209243        0.000000      188.209243        0.000000        0.000006
   878      188.703684        0.000000      188.703684        0.000000        0.000005
   879      188.057478        0.000000      188.057478        0.000000        0.000006
   880      188.030343        0.000000      188.030343        0.000000        0.000007
   881      188.332371        0.000000      188.332371        0.000000        0.000007
   882      187.992436        0.128683      316.675289        0.000000        0.000011
   883      188.613332        0.000000      188.613332        0.000000        0.000006
   884      188.329846        0.000000      188.329846        0.000000        0.000006
   885      188.174312        0.000000      188.174312        0.000000        0.000009
   886      188.404080        0.000000      188.404080        0.000000        0.000007
   887      188.751092        0.000000      188.751092        0.000000        0.000005
   888      188.314825        0.000000      188.314825        0.000000        0.000007
   889      188.992390        0.000000      188.992390        0.000000        0.000004
   890      188.926145        0.000000      188.926145        0.000000        0.000006
   891      188.083294        0.000000      188.083294        0.000000        0.000009
   892      188.403323        0.000000      188.403323        0.000000        0.000006
   893      188.837700        0.146190      335.027751        0.000000        0.000011
   894      188.515389        0.000000      188.515389        0.000000        0.000006
   895      188.895989        0.000000      188.895989        0.000000        0.000006
   896      187.685095        0.000000      187.685095        0.000000        0.000008
   897      188.862553        0.000000      188.862553        0.000000        0.000007
   898      188.545810        0.000000      188.545810        0.000000        0.000008
   899      188.475013        0.000000      188.475013        0.000000        0.000006
   900      189.081498        0.000000      189.081498        0.000000        0.000005
   901      188.678896        0.000000      188.678896        0.000000        0.000005
   902      188.315877        0.000000      188.315877        0.000000        0.000006
   903      188.250646        0.000000      188.250646        0.000000        0.000007
   904      189.013831        0.000000      189.013831        0.000000        0.000006
   905      188.698236        0.000000      188.698236        0.000000        0.000005
   906      188.657144        0.000000      188.657144        0.000000        0.000008
   907      188.365741        0.000000      188.365741        0.000000        0.000006
   908      188.406814        0.000000      188.406814        0.000000        0.000005
   909      188.510192        0.000000      188.510192        0.000000        0.000005
   910      188.830853        0.000000      188.830853        0.000000        0.000006
   911      188.371334        0.000000      188.371334        0.000000        0.000008
   912      189.009623        0.000000      189.009623        0.000000        0.000005
   913      188.771575        0.000000      188.771575        0.000000        0.000007
   914      189.017946        0.000000      189.017946        0.000000        0.000006
   915      188.134229        0.000000      188.134229        0.000000        0.000008
   916      188.356159        0.000000      188.356159        0.000000        0.000009
   917      188.576457        0.000000      188.576457        0.000000        0.000005
   918      188.125352        0.000000      188.125352        0.000000        0.000007
   919      188.542247        0.000000      188.542247        0.000000        0.000006
   920      188.427871        0.000000      188.427871        0.000000        0.000005
   921      188.156853        0.000000      188.156853        0.000000        0.000005
   922      189.002979        0.000000      189.002979        0.000000        0.000006
   923      188.247600        0.000000      188.247600        0.000000        0.000007
   924      187.786498        0.000000      187.786498        0.000000        0.000007
   925      188.610828        0.000000      188.610828        0.000000        0.000004
   926      189.063922        0.000000      189.063922        0.000000        0.000008
   927      188.855675        0.000000      188.855675        0.000000        0.000005
   928      189.014934        0.000000      189.014934        0.000000        0.000004
   929      188.411192        0.000000      188.411192        0.000000        0.000006
   930      188.273111        0.000000      188.273111        0.000000        0.000006
   931      188.561470        0.000000      188.561470        0.000000        0.000007
   932      187.909870        0.216267      404.176769        0.000000        0.000012
   933      189.449993        0.000000      189.449993        0.000000        0.000006
   934      188.232404        0.000000      188.232404        0.000000        0.000008
   935      188.617918        0.000000      188.617918        0.000000        0.000006
   936      189.509064        0.000000      189.509064        0.000000        0.000005
   937      188.615681        0.000000      188.615681        0.000000        0.000006
   938      188.291050        0.000000      188.291050        0.000000        0.000004
   939      188.871235        0.000000      188.871235        0.000000        0.000006
   940      188.355786        0.000000      188.355786        0.000000        0.000007
   941      189.074245        0.000000      189.074245        0.000000        0.000007
   942      188.242850        0.000000      188.242850        0.000000        0.000006
   943      189.056596        0.000000      189.056596        0.000000        0.000008
   944      188.831552        0.000000      188.831552        0.000000        0.000005
   945      188.648509        0.000000      188.648509        0.000000        0.000008
   946      188.669366        0.000000      188.669366        0.000000        0.000007
   947      188.280158        0.000000      188.280158        0.000000        0.000007
   948      188.931836        0.000000      188.931836        0.000000        0.000007
   949      188.560986        0.000000      188.560986        0.000000        0.000008
   950      188.237344        0.000000      188.237344        0.000000        0.000006
   951      188.575743        0.000000      188.575743        0.000000        0.000008
   952      187.830316        0.000000      187.830316        0.000000        0.000007
   953      188.410248        0.000000      188.410248        0.000000        0.000005
   954      188.667944        0.000000      188.667944        0.000000        0.000005
   955      188.957923        0.000000      188.957923        0.000000        0.000006
   956      188.351062        0.000000      188.351062        0.000000        0.000006
   957      188.305069        0.000000      188.305069        0.000000        0.000007
   958      188.165776        0.000000      188.165776        0.000000        0.000007
   959      188.977648        0.000000      188.977648        0.000000        0.000007
   960      188.684771        0.000000      188.684771        0.000000        0.000006
   961      188.855314        0.000000      188.855314        0.000000        0.000005
   962      188.631298        0.000000      188.631298        0.000000        0.000006
   963      188.943168        0.000000      188.943168        0.000000        0.000005
   964      189.179462        0.000000      189.179462        0.000000        0.000007
   965      188.454859        0.000000      188.454859        0.000000        0.000007
   966      188.916142        0.000000      188.916142        0.000000        0.000007
   967      188.628694        0.000000      188.628694        0.000000        0.000006
   968      189.051014        0.000000      189.051014        0.000000        0.000008
   969      189.023651        0.000000      189.023651        0.000000        0.000005
   970      188.047837        0.000000      188.047837        0.000000        0.000009
   971      188.430109        0.000000      188.430109        0.000000        0.000007
   972      188.272720        0.000000      188.272720        0.000000        0.000007
   973      188.731225        0.000000      188.731225        0.000000        0.000005
   974      188.361980        0.000000      188.361980        0.000000        0.000008
   975      188.730244        0.000000      188.730244        0.000000        0.000009
   976      188.949449        0.000000      188.949449        0.000000        0.000003
   977      188.118465        0.000000      188.118465        0.000000        0.000006
   978      188.971608        0.000000      188.971608        0.000000        0.000005
   979      188.655939        0.000000      188.655939        0.000000        0.000007
   980      188.271963        0.000000      188.271963        0.000000        0.000005
   981      188.406977        0.000000      188.406977        0.000000        0.000006
   982      188.494407        0.000000      188.494407        0.000000        0.000009
   983      189.124388        0.000000      189.124388        0.000000        0.000006
   984      188.461246        0.000000      188.461246        0.000000        0.000007
   985      188.557461        0.000000      188.557461        0.000000        0.000007
   986      188.933175        0.000000      188.933175        0.000000        0.000006
   987      188.886784        0.000000      188.886784        0.000000        0.000005
   988      188.218487        0.000000      188.218487        0.000000        0.000005
   989      188.320570        0.030974      219.294604        0.000000        0.000010
   990      188.112246        0.000000      188.112246        0.000000        0.000005
   991      188.759049        0.000000      188.759049        0.000000        0.000005
   992      188.869871        0.000000      188.869871        0.000000        0.000009
   993      188.671586        0.000000      188.671586        0.000000        0.000006
   994      188.035028        0.000000      188.035028        0.000000        0.000009
   995      188.600478        0.000000      188.600478        0.000000        0.000008
   996      188.761098        0.000000      188.761098        0.000000        0.000004
   997      188.129638        0.000000      188.129638        0.000000        0.000006
   998      187.708598        0.000000      187.708598        0.000000        0.000008
   999      188.264961        0.000000      188.264961        0.000000        0.000007
  1000      187.416847        0.000000      187.416847        0.000000        0.000007
