     1      186.730787        0.000000      186.730787        0.000000        0.000008
     2      186.615635        0.060580      247.195227        0.000000        0.000011
     3      187.144414        0.000000      187.144414        0.000000        0.000006
     4      186.590885        0.000000      186.590885        0.000000        0.000006
     5      186.781904        0.025064      211.846088        0.000000        0.000010
     6      186.643000        0.000000      186.643000        0.000000        0.000009
     7      187.145283        0.000000      187.145283        0.000000        0.000006
     8      187.770540        0.000000      187.770540        0.000000        0.000007
     9      186.527643        0.000000      186.527643        0.000000        0.000008
    10      187.318045        0.000000      187.318045        0.000000        0.000005
    11      186.443778        0.000000      186.443778        0.000000        0.000008
    12      186.549329        0.107608      294.157571        0.000000        0.000011
    13      187.787458        0.000000      187.787458        0.000000        0.000007
    14      186.878417        0.000000      186.878417        0.000000        0.000008
    15      186.962495        0.000000      186.962495        0.000000        0.000008
    16      187.032663        0.000000      187.032663        0.000000        0.000007
    17      186.822241        0.000000      186.822241        0.000000        0.000007
    18      187.120449        0.000000      187.120449        0.000000        0.000006
    19      186.104676        0.021684      207.788777        0.000000        0.000010
    20      186.959960        0.000000      186.959960        0.000000        0.000006
    21      186.879077        0.000000      186.879077        0.000000        0.000009
    22      187.002765        0.000000      187.002765        0.000000        0.000007
    23      187.338331        0.000000      187.338331        0.000000        0.000005
    24      187.306746        0.000000      187.306746        0.000000        0.000005
    25      188.121734        0.000000      188.121734        0.000000        0.000007
    26      187.216233        0.000000      187.216233        0.000000        0.000006
    27      187.269844        0.106743      294.013212        0.000000        0.000011
    28      187.187150        0.000000      187.187150        0.000000        0.000008
    29      186.749264        0.000000      186.749264        0.000000        0.000006
    30      187.556914        0.000000      187.556914        0.000000        0.000007
    31      187.115270        0.000000      187.115270        0.000000        0.000008
    32      187.059700        0.000000      187.059700        0.000000        0.000008
    33      187.322628        0.000000      187.322628        0.000000        0.000005
    34      187.432794        0.000000      187.432794        0.000000        0.000008
    35      186.369113        0.000000      186.369113        0.000000        0.000010
    36      186.091970        0.000000      186.091970        0.000000        0.000006
    37      186.465087        0.000000      186.465087        0.000000        0.000009
    38      187.390612        0.000000      187.390612        0.000000        0.000006
    39      186.590014        0.000000      186.590014        0.000000        0.000007
    40      186.103646        0.040124      226.227522        0.000000        0.000010
    41      187.416633        0.000000      187.416633        0.000000        0.000007
    42      186.591111        0.000000      186.591111        0.000000        0.000007
    43      186.946307        0.000000      186.946307        0.000000        0.000007
    44      187.537830        0.000000      187.537830        0.000000        0.000008
    45      187.164052        0.000000      187.164052        0.000000        0.000007
    46      186.976011        0.000000      186.976011        0.000000        0.000007
    47      187.260166        0.000000      187.260166        0.000000        0.000008
    48      187.266285        0.000000      187.266285        0.000000        0.000006
    49      187.633160        0.000000      187.633160        0.000000        0.000007
    50      186.909992        0.000000      186.909992        0.000000        0.000008
    51      186.560850        0.000000      186.560850        0.000000        0.000007
    52      187.443507        0.000000      187.443507        0.000000        0.000007
    53      186.877587        0.000000      186.877587        0.000000        0.000007
    54      186.672741        0.000000      186.672741        0.000000        0.000007
    55      186.282083        0.033344      219.626247        0.000000        0.000010
    56      186.936090        0.000000      186.936090        0.000000        0.000007
    57      186.742804        0.000000      186.742804        0.000000        0.000007
    58      187.178301        0.000000      187.178301        0.000000        0.000008
    59      187.072955        0.000000      187.072955        0.000000        0.000009
    60      187.218284        0.000000      187.218284        0.000000        0.000007
    61      186.589829        0.000000      186.589829        0.000000        0.000007
    62      186.219465        0.000000      186.219465        0.000000        0.000009
    63      186.891324        0.061054      247.945506        0.000000        0.000011
    64      186.920321        0.000000      186.920321        0.000000        0.000007
    65      186.808702        0.000000      186.808702        0.000000        0.000008
    66      186.890718        0.000000      186.890718        0.000000        0.000008
    67      186.397141        0.000000      186.397141        0.000000        0.000008
    68      186.895112        0.000000      186.895112        0.000000        0.000008
    69      187.726686        0.000000      187.726686        0.000000        0.000005
    70      186.759728        0.000000      186.759728        0.000000        0.000006
    71      187.482914        0.000000      187.482914        0.000000        0.000009
    72      186.365798        0.000000      186.365798        0.000000        0.000008
    73      186.001928        0.055497      241.499071        0.000000        0.000011
    74      186.952184        0.000000      186.952184        0.000000        0.000008
    75      187.242575        0.000000      187.242575        0.000000        0.000007
    76      186.252708        0.419515      605.767634        0.000000        0.000014
    77      187.217803        0.000000      187.217803        0.000000        0.000005
    78      187.648513        0.000000      187.648513        0.000000        0.000006
    79      187.063113        0.000000      187.063113        0.000000        0.000009
    80      186.991024        0.000000      186.991024        0.000000        0.000008
    81      186.972378        0.000000      186.972378        0.000000        0.000007
    82      186.769316        0.000000      186.769316        0.000000        0.000009
    83      186.391594        0.000000      186.391594        0.000000        0.000007
    84      186.436824        0.000000      186.436824        0.000000        0.000006
    85      187.112970        0.000000      187.112970        0.000000        0.000008
    86      186.817010        0.000000      186.817010        0.000000        0.000009
    87      187.314756        0.000000      187.314756        0.000000        0.000005
    88      186.936200        0.000000      186.936200        0.000000        0.000006
    89      186.718801        0.000000      186.718801        0.000000        0.000009
    90      186.215195        0.000000      186.215195        0.000000        0.000008
    91      186.628895        0.000000      186.628895        0.000000        0.000009
    92      187.673910        0.000000      187.673910        0.000000        0.000006
    93      187.420219        0.000000      187.420219        0.000000        0.000009
    94      187.493334        0.000000      187.493334        0.000000        0.000009
    95      186.417753        0.000000      186.417753        0.000000        0.000009
    96      186.455337        0.000000      186.455337        0.000000        0.000010
    97      186.582531        0.000000      186.582531        0.000000        0.000009
    98      187.151898        0.000000      187.151898        0.000000        0.000007
    99      186.812289        0.000000      186.812289        0.000000        0.000010
   100      186.860979        0.000000      186.860979        0.000000        0.000008
   101      186.859430        0.000000      186.859430        0.000000        0.000008
   102      187.157282        0.000000      187.157282        0.000000        0.000005
   103      187.599444        0.000000      187.599444        0.000000        0.000006
   104      186.147830        0.000000      186.147830        0.000000        0.000010
   105      187.126152        0.000000      187.126152        0.000000        0.000007
   106      187.731697        0.000000      187.731697        0.000000        0.000006
   107      186.802257        0.000000      186.802257        0.000000        0.000007
   108      187.363205        0.000000      187.363205        0.000000        0.000006
   109      186.795320        0.000000      186.795320        0.000000        0.000009
   110      186.682076        0.000000      186.682076        0.000000        0.000006
   111      186.410543        0.000000      186.410543        0.000000        0.000006
   112      186.915470        0.000000      186.915470        0.000000        0.000006
   113      186.971904        0.000000      186.971904        0.000000        0.000007
   114      186.029625        0.108435      294.464562        0.000000        0.000011
   115      187.917524        0.000000      187.917524        0.000000        0.000008
   116      187.366605        0.000000      187.366605        0.000000        0.000006
   117      187.355832        0.000000      187.355832        0.000000        0.000007
   118      187.267453        0.000000      187.267453        0.000000        0.000008
   119      186.953358        0.629225      816.178248        0.000000        0.000016
   120      186.891192        0.000000      186.891192        0.000000        0.000007
   121      186.531169        0.000000      186.531169        0.000000        0.000007
   122      187.651915        0.000000      187.651915        0.000000        0.000007
   123      187.017645        0.000000      187.017645        0.000000        0.000008
   124      186.806008        0.000000      186.806008        0.000000        0.000008
   125      187.627383        0.000000      187.627383        0.000000        0.000006
   126      187.601172        0.000000      187.601172        0.000000        0.000008
   127      186.692113        0.000000      186.692113        0.000000        0.000008
   128      187.072692        0.000000      187.072692        0.000000        0.000007
   129      186.987002        0.015171      202.157725        0.000000        0.000010
   130      187.159060        0.000000      187.159060        0.000000        0.000006
   131      187.469229        0.000000      187.469229        0.000000        0.000007
   132      187.373635        0.000000      187.373635        0.000000        0.000006
   133      186.476748        0.000000      186.476748        0.000000        0.000008
   134      187.263002        0.000000      187.263002        0.000000        0.000008
   135      186.873753        0.000000      186.873753        0.000000        0.000009
   136      186.655512        0.000000      186.655512        0.000000        0.000008
   137      185.957749        0.038905      224.862352        0.000000        0.000010
   138      187.268173        0.000000      187.268173        0.000000        0.000008
   139      187.536063        0.000000      187.536063        0.000000        0.000005
   140      186.505602        0.000000      186.505602        0.000000        0.000007
   141      187.123276        0.000000      187.123276        0.000000        0.000007
   142      187.070447        0.000000      187.070447        0.000000        0.000006
   143      186.522586        0.000000      186.522586        0.000000        0.000008
   144      187.346552        0.000000      187.346552        0.000000        0.000006
   145      186.847214        0.000000      186.847214        0.000000        0.000005
   146      186.618443        0.000000      186.618443        0.000000        0.000007
   147      187.591467        0.000000      187.591467        0.000000        0.000008
   148      187.094137        0.000000      187.094137        0.000000        0.000006
   149      187.034309        0.118490      305.523973        0.000000        0.000011
   150      186.270848        0.000000      186.270848        0.000000        0.000007
   151      187.262078        0.000000      187.262078        0.000000        0.000009
   152      186.691556        0.000000      186.691556        0.000000        0.000008
   153      186.819186        0.000000      186.819186        0.000000        0.000009
   154      187.312503        0.000000      187.312503        0.000000        0.000008
   155      187.081222        0.000000      187.081222        0.000000        0.000008
   156      187.374409        0.000000      187.374409        0.000000        0.000007
   157      186.567571        0.000000      186.567571        0.000000        0.000007
   158      187.334807        0.000000      187.334807        0.000000        0.000007
   159      187.510490        0.000000      187.510490        0.000000        0.000004
   160      187.998836        0.000000      187.998836        0.000000        0.000006
   161      187.272980        0.000000      187.272980        0.000000        0.000007
   162      187.332701        0.000000      187.332701        0.000000        0.000007
   163      186.061496        0.000000      186.061496        0.000000        0.000009
   164      186.563978        0.000000      186.563978        0.000000        0.000008
   165      186.737067        0.000000      186.737067        0.000000        0.000009
   166      186.900029        0.000000      186.900029        0.000000        0.000007
   167      187.136075        0.000000      187.136075        0.000000        0.000009
   168      187.494802        0.000000      187.494802        0.000000        0.000007
   169      187.406779        0.000000      187.406779        0.000000        0.000006
   170      187.175259        0.000000      187.175259        0.000000        0.000006
   171      187.401458        0.000000      187.401458        0.000000        0.000005
   172      186.533688        0.000000      186.533688        0.000000        0.000008
   173      186.639804        0.000000      186.639804        0.000000        0.000006
   174      186.840356        0.000000      186.840356        0.000000        0.000007
   175      186.847652        0.000000      186.847652        0.000000        0.000006
   176      187.587861        0.000000      187.587861        0.000000        0.000007
   177      187.182545        0.000000      187.182545        0.000000        0.000007
   178      187.234954        0.000000      187.234954        0.000000        0.000007
   179      187.452586        0.000000      187.452586        0.000000        0.000004
   180      186.700446        0.000000      186.700446        0.000000        0.000010
   181      187.053363        0.000000      187.053363        0.000000        0.000005
   182      187.052629        0.000000      187.052629        0.000000        0.000007
   183      186.440326        0.000000      186.440326        0.000000        0.000009
   184      186.764448        0.000000      186.764448        0.000000        0.000006
   185      186.616350        0.000000      186.616350        0.000000        0.000008
   186      186.964867        0.000000      186.964867        0.000000        0.000005
   187      186.960999        0.000000      186.960999        0.000000        0.000010
   188      186.633042        0.000000      186.633042        0.000000        0.000008
   189      186.566134        0.000000      186.566134        0.000000        0.000007
   190      187.140779        0.000000      187.140779        0.000000        0.000004
   191      186.506336        0.000000      186.506336        0.000000        0.000009
   192      186.905194        0.000000      186.905194        0.000000        0.000008
   193      186.676536        0.000000      186.676536        0.000000        0.000008
   194      187.012746        0.000000      187.012746        0.000000        0.000009
   195      187.898928        0.000000      187.898928        0.000000        0.000008
   196      187.176269        0.000000      187.176269        0.000000        0.000005
   197      187.766173        0.000000      187.766173        0.000000        0.000008
   198      186.810977        0.000000      186.810977        0.000000        0.000006
   199      186.702193        0.000000      186.702193        0.000000        0.000008
   200      186.790262        0.000000      186.790262        0.000000        0.000008
   201      188.022163        0.000000      188.022163        0.000000        0.000007
   202      187.160270        0.000000      187.160270        0.000000        0.000008
   203      187.132969        0.000000      187.132969        0.000000        0.000007
   204      187.469855        0.000000      187.469855        0.000000        0.000006
   205      186.278501        0.000000      186.278501        0.000000        0.000008
   206      186.529941        0.000000      186.529941        0.000000        0.000009
   207      187.213097        0.000000      187.213097        0.000000        0.000009
   208      187.006697        0.000000      187.006697        0.000000        0.000007
   209      186.486815        0.000000      186.486815        0.000000        0.000009
   210      187.433047        0.000000      187.433047        0.000000        0.000008
   211      186.828742        0.000000      186.828742        0.000000        0.000008
   212      186.454112        0.000000      186.454112        0.000000        0.000009
   213      186.767762        0.000000      186.767762        0.000000        0.000006
   214      186.407438        0.000000      186.407438        0.000000        0.000007
   215      187.039929        0.000000      187.039929        0.000000        0.000007
   216      187.530994        0.000000      187.530994        0.000000        0.000007
   217      186.626824        0.000000      186.626824        0.000000        0.000007
   218      187.490215        0.000000      187.490215        0.000000        0.000006
   219      186.614087        0.031781      218.395269        0.000000        0.000010
   220      186.531420        0.202150      388.680977        0.000000        0.000012
   221      186.692144        0.000000      186.692144        0.000000        0.000006
   222      186.924562        0.000000      186.924562        0.000000        0.000005
   223      187.100026        0.000000      187.100026        0.000000        0.000005
   224      186.785148        0.000000      186.785148        0.000000        0.000005
   225      186.020161        0.237385      423.404839        0.000000        0.000012
   226      186.484696        0.000000      186.484696        0.000000        0.000007
   227      186.940113        0.000000      186.940113        0.000000        0.000006
   228      186.925703        0.000000      186.925703        0.000000        0.000007
   229      187.390691        0.000000      187.390691        0.000000        0.000005
   230      186.162439        0.000000      186.162439        0.000000        0.000007
   231      186.906822        0.000000      186.906822        0.000000        0.000006
   232      186.559801        0.000000      186.559801        0.000000        0.000009
   233      187.294377        0.000000      187.294377        0.000000        0.000006
   234      186.817202        0.000000      186.817202        0.000000        0.000008
   235      187.495389        0.000000      187.495389        0.000000        0.000006
   236      187.024478        0.000000      187.024478        0.000000        0.000006
   237      186.851152        0.000000      186.851152        0.000000        0.000008
   238      186.521200        0.000000      186.521200        0.000000        0.000008
   239      186.824041        0.000000      186.824041        0.000000        0.000008
   240      186.944982        0.000000      186.944982        0.000000        0.000008
   241      186.854272        0.000000      186.854272        0.000000        0.000006
   242      186.913677        0.000000      186.913677        0.000000        0.000006
   243      187.046089        0.000000      187.046089        0.000000        0.000006
   244      187.071066        0.000000      187.071066        0.000000        0.000008
   245      186.777934        0.000000      186.777934        0.000000        0.000006
   246      186.892095        0.166580      353.471781        0.000000        0.000012
   247      187.447933        0.000000      187.447933        0.000000        0.000006
   248      186.551065        0.000000      186.551065        0.000000        0.000007
   249      186.473619        0.000000      186.473619        0.000000        0.000006
   250      186.962399        0.000000      186.962399        0.000000        0.000007
   251      186.970488        0.000000      186.970488        0.000000        0.000006
   252      186.963539        0.000000      186.963539        0.000000        0.000005
   253      187.724526        0.000000      187.724526        0.000000        0.000010
   254      186.583778        0.000000      186.583778        0.000000        0.000007
   255      186.346374        0.000000      186.346374        0.000000        0.000010
   256      187.695496        0.000000      187.695496        0.000000        0.000007
   257      187.593220        0.000000      187.593220        0.000000        0.000004
   258      187.872207        0.000000      187.872207        0.000000        0.000006
   259      186.813304        0.000000      186.813304        0.000000        0.000005
   260      187.076077        0.000000      187.076077        0.000000        0.000007
   261      186.322255        0.000000      186.322255        0.000000        0.000006
   262      186.588846        0.000000      186.588846        0.000000        0.000008
   263      187.211349        0.000000      187.211349        0.000000        0.000007
   264      187.286617        0.000000      187.286617        0.000000        0.000010
   265      187.189182        0.000000      187.189182        0.000000        0.000007
   266      186.774065        0.000000      186.774065        0.000000        0.000009
   267      186.950146        0.000000      186.950146        0.000000        0.000007
   268      186.822178        0.000000      186.822178        0.000000        0.000007
   269      187.083867        0.000000      187.083867        0.000000        0.000005
   270      186.634649        0.000000      186.634649        0.000000        0.000008
   271      186.923615        0.014529      201.452529        0.000000        0.000010
   272      187.167100        0.000000      187.167100        0.000000        0.000005
   273      186.903312        0.000000      186.903312        0.000000        0.000008
   274      187.264247        0.000000      187.264247        0.000000        0.000008
   275      187.190228        0.000000      187.190228        0.000000        0.000006
   276      186.607279        0.000000      186.607279        0.000000        0.000006
   277      186.721393        0.000000      186.721393        0.000000        0.000006
   278      187.170988        0.000000      187.170988        0.000000        0.000008
   279      186.578306        0.000000      186.578306        0.000000        0.000008
   280      187.182195        0.111809      298.991513        0.000000        0.000011
   281      187.055101        0.000000      187.055101        0.000000        0.000007
   282      187.027874        0.000000      187.027874        0.000000        0.000006
   283      186.710321        0.000000      186.710321        0.000000        0.000006
   284      186.634542        0.000000      186.634542        0.000000        0.000007
   285      186.816585        0.000000      186.816585        0.000000        0.000006
   286      187.053280        0.000000      187.053280        0.000000        0.000010
   287      187.311043        0.000000      187.311043        0.000000        0.000007
   288      186.726691        0.000000      186.726691        0.000000        0.000008
   289      186.662392        0.000000      186.662392        0.000000        0.000007
   290      186.574581        0.000000      186.574581        0.000000        0.000006
   291      187.198752        0.000000      187.198752        0.000000        0.000004
   292      186.637742        0.144580      331.217571        0.000000        0.000011
   293      187.285377        0.000000      187.285377        0.000000        0.000007
   294      186.400850        0.000000      186.400850        0.000000        0.000009
   295      186.451792        0.000000      186.451792        0.000000        0.000009
   296      187.257909        0.000000      187.257909        0.000000        0.000008
   297      187.051607        0.000000      187.051607        0.000000        0.000008
   298      186.949107        0.000000      186.949107        0.000000        0.000008
   299      186.890997        0.000000      186.890997        0.000000        0.000005
   300      187.695754        0.000000      187.695754        0.000000        0.000006
   301      186.348358        0.000000      186.348358        0.000000        0.000007
   302      187.011184        0.000000      187.011184        0.000000        0.000006
   303      186.609540        0.000000      186.609540        0.000000        0.000010
   304      186.550561        0.000000      186.550561        0.000000        0.000009
   305      186.994407        0.000000      186.994407        0.000000        0.000006
   306      187.318691        0.000000      187.318691        0.000000        0.000005
   307      186.896308        0.000000      186.896308        0.000000        0.000005
   308      186.708104        0.000000      186.708104        0.000000        0.000006
   309      187.550382        0.000000      187.550382        0.000000        0.000009
   310      187.333702        0.000000      187.333702        0.000000        0.000005
   311      186.909060        0.113051      299.959642        0.000000        0.000011
   312      186.175486        0.000000      186.175486        0.000000        0.000008
   313      186.882691        0.000000      186.882691        0.000000        0.000008
   314      187.777637        0.000000      187.777637        0.000000        0.000006
   315      187.062351        0.000000      187.062351        0.000000        0.000007
   316      186.887748        0.106784      293.671738        0.000000        0.000011
   317      186.875788        0.000000      186.875788        0.000000        0.000008
   318      187.093383        0.000000      187.093383        0.000000        0.000007
   319      186.771202        0.000000      186.771202        0.000000        0.000007
   320      186.546368        0.000000      186.546368        0.000000        0.000010
   321      187.509888        0.000000      187.509888        0.000000        0.000005
   322      186.663115        0.000000      186.663115        0.000000        0.000010
   323      186.240086        0.000000      186.240086        0.000000        0.000008
   324      186.593091        0.000000      186.593091        0.000000        0.000006
   325      187.806708        0.000000      187.806708        0.000000        0.000006
   326      186.378841        0.407102      593.481126        0.000000        0.000014
   327      186.378367        0.000000      186.378367        0.000000        0.000010
   328      186.757392        0.000000      186.757392        0.000000        0.000009
   329      186.772773        0.000000      186.772773        0.000000        0.000006
   330      186.389763        0.000000      186.389763        0.000000        0.000008
   331      186.829541        0.000000      186.829541        0.000000        0.000009
   332      186.659622        0.000000      186.659622        0.000000        0.000007
   333      187.050883        0.000000      187.050883        0.000000        0.000008
   334      186.567347        0.176324      362.891445        0.000000        0.000012
   335      187.282526        0.000000      187.282526        0.000000        0.000008
   336      187.217258        0.000000      187.217258        0.000000        0.000008
   337      186.751083        0.000000      186.751083        0.000000        0.000005
   338      186.925834        0.000000      186.925834        0.000000        0.000005
   339      187.224132        0.000000      187.224132        0.000000        0.000009
   340      186.505135        0.000000      186.505135        0.000000        0.000010
   341      186.717605        0.000000      186.717605        0.000000        0.000006
   342      186.998797        0.000000      186.998797        0.000000        0.000007
   343      186.894570        0.000000      186.894570        0.000000        0.000006
   344      186.697240        0.196511      383.208168        0.000000        0.000012
   345      186.509615        0.000000      186.509615        0.000000        0.000008
   346      186.443952        0.000000      186.443952        0.000000        0.000009
   347      187.038673        0.000000      187.038673        0.000000        0.000007
   348      187.406073        0.000000      187.406073        0.000000        0.000007
   349      186.995437        0.000000      186.995437        0.000000        0.000006
   350      186.881990        0.000000      186.881990        0.000000        0.000007
   351      186.347404        0.000000      186.347404        0.000000        0.000009
   352      187.292486        0.000000      187.292486        0.000000        0.000008
   353      187.523003        0.000000      187.523003        0.000000        0.000006
   354      186.837124        0.000000      186.837124        0.000000        0.000008
   355      187.065747        0.000000      187.065747        0.000000        0.000006
   356      186.741372        0.000000      186.741372        0.000000        0.000007
   357      186.498591        0.000000      186.498591        0.000000        0.000009
   358      187.137973        0.000000      187.137973        0.000000        0.000009
   359      186.540386        0.000000      186.540386        0.000000        0.000007
   360      187.105979        0.000000      187.105979        0.000000        0.000006
   361      187.172050        0.000000      187.172050        0.000000        0.000009
   362      186.418749        0.000000      186.418749        0.000000        0.000007
   363      186.699918        0.000000      186.699918        0.000000        0.000005
   364      186.735085        0.000000      186.735085        0.000000        0.000009
   365      187.277677        0.000000      187.277677        0.000000        0.000007
   366      187.254468        0.000000      187.254468        0.000000        0.000009
   367      186.517831        0.000000      186.517831        0.000000        0.000006
   368      187.235692        0.000000      187.235692        0.000000        0.000009
   369      187.912726        0.000000      187.912726        0.000000        0.000006
   370      186.851798        0.000000      186.851798        0.000000        0.000007
   371      186.007920        0.000000      186.007920        0.000000        0.000009
   372      186.846554        0.000000      186.846554        0.000000        0.000008
   373      186.867306        0.000000      186.867306        0.000000        0.000007
   374      187.775950        0.000000      187.775950        0.000000        0.000005
   375      187.053590        0.000000      187.053590        0.000000        0.000009
   376      187.378437        0.000000      187.378437        0.000000        0.000007
   377      186.825251        0.000000      186.825251        0.000000        0.000006
   378      187.393103        0.000000      187.393103        0.000000        0.000008
   379      186.899134        0.000000      186.899134        0.000000        0.000007
   380      186.841634        0.000000      186.841634        0.000000        0.000007
   381      187.071593        0.000000      187.071593        0.000000        0.000005
   382      186.739289        0.000000      186.739289        0.000000        0.000006
   383      186.558604        0.274038      460.596408        0.000000        0.000013
   384      186.793903        0.000000      186.793903        0.000000        0.000006
   385      186.785207        0.000000      186.785207        0.000000        0.000008
   386      187.154077        0.000000      187.154077        0.000000        0.000007
   387      186.495322        0.000000      186.495322        0.000000        0.000007
   388      187.122575        0.000000      187.122575        0.000000        0.000006
   389      186.742459        0.000000      186.742459        0.000000        0.000009
   390      186.382428        0.118082      304.463936        0.000000        0.000011
   391      187.104300        0.000000      187.104300        0.000000        0.000005
   392      187.455263        0.000000      187.455263        0.000000        0.000006
   393      187.452948        0.000000      187.452948        0.000000        0.000008
   394      186.656864        0.061106      247.763315        0.000000        0.000011
   395      186.782086        0.000000      186.782086        0.000000        0.000007
   396      187.448943        0.000000      187.448943        0.000000        0.000007
   397      186.104557        0.000000      186.104557        0.000000        0.000008
   398      186.848369        0.000000      186.848369        0.000000        0.000009
   399      186.986264        0.000000      186.986264        0.000000        0.000007
   400      186.995835        0.000000      186.995835        0.000000        0.000010
   401      187.269179        0.000000      187.269179        0.000000        0.000008
   402      186.596448        0.000000      186.596448        0.000000        0.000007
   403      186.158531        0.000000      186.158531        0.000000        0.000008
   404      186.404564        0.000000      186.404564        0.000000        0.000009
   405      187.269823        0.000000      187.269823        0.000000        0.000006
   406      186.885936        0.000000      186.885936        0.000000        0.000009
   407      186.672851        0.000000      186.672851        0.000000        0.000006
   408      186.865843        0.000000      186.865843        0.000000        0.000007
   409      186.996032        0.000000      186.996032        0.000000        0.000006
   410      186.790243        0.000000      186.790243        0.000000        0.000006
   411      187.441892        0.000000      187.441892        0.000000        0.000004
   412      186.874420        0.000000      186.874420        0.000000        0.000009
   413      187.334143        0.000000      187.334143        0.000000        0.000007
   414      186.701949        0.000000      186.701949        0.000000        0.000007
   415      186.970827        0.000000      186.970827        0.000000        0.000006
   416      186.946390        0.000000      186.946390        0.000000        0.000008
   417      186.834325        0.000000      186.834325        0.000000        0.000006
   418      187.127454        0.000000      187.127454        0.000000        0.000007
   419      186.295506        0.012919      199.214232        0.000000        0.000010
   420      186.702740        0.000000      186.702740        0.000000        0.000006
   421      187.387896        0.000000      187.387896        0.000000        0.000007
   422      186.607597        0.151246      337.853926        0.000000        0.000012
   423      186.430488        0.000000      186.430488        0.000000        0.000007
   424      186.700459        0.000000      186.700459        0.000000        0.000006
   425      187.322996        0.000000      187.322996        0.000000        0.000007
   426      186.907117        0.000000      186.907117        0.000000        0.000006
   427      186.805498        0.000000      186.805498        0.000000        0.000007
   428      186.821240        0.000000      186.821240        0.000000        0.000008
   429      187.123595        0.000000      187.123595        0.000000        0.000007
   430      187.108299        0.000000      187.108299        0.000000        0.000005
   431      186.789994        0.000000      186.789994        0.000000        0.000008
   432      187.099836        0.000000      187.099836        0.000000        0.000006
   433      187.337657        0.000000      187.337657        0.000000        0.000008
   434      187.355414        0.000000      187.355414        0.000000        0.000007
   435      186.931655        0.000000      186.931655        0.000000        0.000004
   436      186.399697        0.000000      186.399697        0.000000        0.000007
   437      186.530173        0.000000      186.530173        0.000000        0.000008
   438      187.090992        0.002885      189.976133        0.000000        0.000010
   439      187.471568        0.000000      187.471568        0.000000        0.000007
   440      186.765612        0.000000      186.765612        0.000000        0.000009
   441      186.798635        0.000000      186.798635        0.000000        0.000009
   442      185.927159        0.000000      185.927159        0.000000        0.000009
   443      187.139377        0.000000      187.139377        0.000000        0.000006
   444      187.488590        0.000000      187.488590        0.000000        0.000007
   445      187.031734        0.000000      187.031734        0.000000        0.000008
   446      187.242906        0.000000      187.242906        0.000000        0.000006
   447      186.821478        0.000000      186.821478        0.000000        0.000008
   448      187.710794        0.000000      187.710794        0.000000        0.000006
   449      186.809381        0.000000      186.809381        0.000000        0.000007
   450      187.413623        0.000000      187.413623        0.000000        0.000008
   451      187.365229        0.000000      187.365229        0.000000        0.000006
   452      186.679622        0.000000      186.679622        0.000000        0.000010
   453      187.010165        0.000000      187.010165        0.000000        0.000009
   454      186.706119        0.000000      186.706119        0.000000        0.000007
   455      187.033706        0.000000      187.033706        0.000000        0.000009
   456      187.479845        0.000000      187.479845        0.000000        0.000007
   457      186.600227        0.000000      186.600227        0.000000        0.000009
   458      187.167498        0.000000      187.167498        0.000000        0.000006
   459      187.092362        0.000000      187.092362        0.000000        0.000005
   460      187.441733        0.000000      187.441733        0.000000        0.000006
   461      186.596729        0.000000      186.596729        0.000000        0.000008
   462      186.704570        0.000000      186.704570        0.000000        0.000006
   463      186.693626        0.000000      186.693626        0.000000        0.000008
   464      186.521211        0.003260      189.781012        0.000000        0.000010
   465      186.714803        0.000000      186.714803        0.000000        0.000008
   466      186.600507        0.000000      186.600507        0.000000        0.000006
   467      187.109651        0.000000      187.109651        0.000000        0.000007
   468      187.127692        0.000000      187.127692        0.000000        0.000005
   469      186.772359        0.000000      186.772359        0.000000        0.000006
   470      187.001300        0.000000      187.001300        0.000000        0.000008
   471      186.327785        0.000000      186.327785        0.000000        0.000008
   472      186.075766        0.000000      186.075766        0.000000        0.000007
   473      186.665644        0.000000      186.665644        0.000000        0.000007
   474      186.787779        0.000000      186.787779        0.000000        0.000005
   475      186.974538        0.000000      186.974538        0.000000        0.000008
   476      187.011425        0.000000      187.011425        0.000000        0.000005
   477      186.561653        0.000000      186.561653        0.000000        0.000007
   478      186.834123        0.000000      186.834123        0.000000        0.000009
   479      186.750001        0.000000      186.750001        0.000000        0.000007
   480      187.716162        0.000000      187.716162        0.000000        0.000007
   481      186.592194        0.000000      186.592194        0.000000        0.000005
   482      186.239173        0.000000      186.239173        0.000000        0.000010
   483      186.420937        0.038455      224.875949        0.000000        0.000010
   484      187.242546        0.000000      187.242546        0.000000        0.000006
   485      186.570860        0.000000      186.570860        0.000000        0.000008
   486      186.995672        0.000000      186.995672        0.000000        0.000006
   487      187.519700        0.000000      187.519700        0.000000        0.000006
   488      187.603776        0.000000      187.603776        0.000000        0.000005
   489      187.145040        0.000000      187.145040        0.000000        0.000007
   490      186.760092        0.000000      186.760092        0.000000        0.000008
   491      187.155775        0.000000      187.155775        0.000000        0.000007
   492      187.166456        0.000000      187.166456        0.000000        0.000006
   493      186.964731        0.000000      186.964731        0.000000        0.000006
   494      186.592022        0.000000      186.592022        0.000000        0.000008
   495      186.304366        0.000000      186.304366        0.000000        0.000009
   496      187.012240        0.000000      187.012240        0.000000        0.000005
   497      188.022857        0.000000      188.022857        0.000000        0.000005
   498      186.508188        0.000000      186.508188        0.000000        0.000008
   499      187.152179        0.000000      187.152179        0.000000        0.000007
   500      186.717604        0.000000      186.717604        0.000000        0.000008
   501      186.717242        0.000000      186.717242        0.000000        0.000007
   502      186.635464        0.000000      186.635464        0.000000        0.000006
   503      187.616530        0.000000      187.616530        0.000000        0.000006
   504      186.627194        0.000000      186.627194        0.000000        0.000008
   505      187.392790        0.000000      187.392790        0.000000        0.000007
   506      186.830205        0.000000      186.830205        0.000000        0.000007
   507      186.613699        0.000000      186.613699        0.000000        0.000007
   508      186.594567        0.000000      186.594567        0.000000        0.000009
   509      186.723069        0.000000      186.723069        0.000000        0.000007
   510      187.006332        0.000000      187.006332        0.000000        0.000006
   511      186.711827        0.000000      186.711827        0.000000        0.000008
   512      186.685842        0.000000      186.685842        0.000000        0.000006
   513      186.643909        0.000000      186.643909        0.000000        0.000005
   514      187.042312        0.000000      187.042312        0.000000        0.000009
   515      186.629522        0.000000      186.629522        0.000000        0.000008
   516      186.764459        0.000000      186.764459        0.000000        0.000007
   517      187.576352        0.000000      187.576352        0.000000        0.000007
   518      187.599068        0.000000      187.599068        0.000000        0.000008
   519      187.064151        0.000000      187.064151        0.000000        0.000005
   520      186.515529        0.000000      186.515529        0.000000        0.000007
   521      186.867268        0.000000      186.867268        0.000000        0.000006
   522      186.036502        0.272899      458.935666        0.000000        0.000013
   523      187.162321        0.000000      187.162321        0.000000        0.000006
   524      187.356606        0.000000      187.356606        0.000000        0.000009
   525      186.712060        0.000000      186.712060        0.000000        0.000007
   526      186.762684        0.393652      580.414684        0.000000        0.000014
   527      186.360248        0.000000      186.360248        0.000000        0.000008
   528      187.302245        0.000000      187.302245        0.000000        0.000007
   529      187.007316        0.000000      187.007316        0.000000        0.000008
   530      186.899690        0.000000      186.899690        0.000000        0.000008
   531      187.092645        0.000000      187.092645        0.000000        0.000006
   532      186.716665        0.200331      387.047379        0.000000        0.000012
   533      186.756622        0.000000      186.756622        0.000000        0.000009
   534      186.629282        0.054597      241.226038        0.000000        0.000011
   535      186.543277        0.000000      186.543277        0.000000        0.000009
   536      187.188389        0.000000      187.188389        0.000000        0.000006
   537      186.961986        0.000000      186.961986        0.000000        0.000009
   538      187.475816        0.000000      187.475816        0.000000        0.000008
   539      186.968409        0.000000      186.968409        0.000000        0.000007
   540      186.620808        0.047177      233.798062        0.000000        0.000010
   541      186.377780        0.054285      240.662980        0.000000        0.000011
   542      187.079618        0.000000      187.079618        0.000000        0.000008
   543      187.455511        0.000000      187.455511        0.000000        0.000007
   544      187.327329        0.000000      187.327329        0.000000        0.000006
   545      186.934548        0.000000      186.934548        0.000000        0.000008
   546      186.826885        0.000000      186.826885        0.000000        0.000009
   547      186.387994        0.130256      316.644417        0.000000        0.000011
   548      186.343416        0.000000      186.343416        0.000000        0.000010
   549      186.739169        0.000000      186.739169        0.000000        0.000006
   550      187.119219        0.000000      187.119219        0.000000        0.000007
   551      186.470802        0.000000      186.470802        0.000000        0.000008
   552      186.689791        0.000000      186.689791        0.000000        0.000006
   553      187.084469        0.000000      187.084469        0.000000        0.000006
   554      187.467792        0.000000      187.467792        0.000000        0.000008
   555      187.119456        0.000000      187.119456        0.000000        0.000005
   556      187.287809        0.000000      187.287809        0.000000        0.000007
   557      187.132116        0.000000      187.132116        0.000000        0.000009
   558      186.995117        0.000000      186.995117        0.000000        0.000007
   559      186.310205        0.000000      186.310205        0.000000        0.000007
   560      187.058071        0.000000      187.058071        0.000000        0.000008
   561      187.731768        0.000000      187.731768        0.000000        0.000004
   562      186.434938        0.000000      186.434938        0.000000        0.000005
   563      187.285417        0.000000      187.285417        0.000000        0.000010
   564      187.226706        0.000000      187.226706        0.000000        0.000007
   565      187.039340        0.000000      187.039340        0.000000        0.000009
   566      186.874387        0.000000      186.874387        0.000000        0.000006
   567      187.293607        0.000000      187.293607        0.000000        0.000007
   568      187.136146        0.000000      187.136146        0.000000        0.000007
   569      187.420539        0.000000      187.420539        0.000000        0.000007
   570      187.541042        0.000000      187.541042        0.000000        0.000006
   571      186.841345        0.000000      186.841345        0.000000        0.000008
   572      187.496790        0.000000      187.496790        0.000000        0.000007
   573      187.424290        0.000000      187.424290        0.000000        0.000006
   574      186.930527        0.000000      186.930527        0.000000        0.000008
   575      186.502577        0.000000      186.502577        0.000000        0.000009
   576      186.658911        0.000000      186.658911        0.000000        0.000008
   577      186.512793        0.000000      186.512793        0.000000        0.000009
   578      187.433255        0.000000      187.433255        0.000000        0.000006
   579      186.905125        0.000000      186.905125        0.000000        0.000009
   580      186.825530        0.000000      186.825530        0.000000        0.000007
   581      187.013887        0.000000      187.013887        0.000000        0.000007
   582      186.887811        0.000000      186.887811        0.000000        0.000007
   583      187.469699        0.000000      187.469699        0.000000        0.000007
   584      186.291377        0.000000      186.291377        0.000000        0.000008
   585      187.213439        0.000000      187.213439        0.000000        0.000008
   586      187.333684        0.000000      187.333684        0.000000        0.000006
   587      187.404475        0.000000      187.404475        0.000000        0.000007
   588      186.680798        0.000000      186.680798        0.000000        0.000008
   589      186.963702        0.000000      186.963702        0.000000        0.000006
   590      187.573293        0.000000      187.573293        0.000000        0.000006
   591      187.577573        0.000000      187.577573        0.000000        0.000008
   592      186.901395        0.000000      186.901395        0.000000        0.000006
   593      186.367229        0.000000      186.367229        0.000000        0.000007
   594      187.762147        0.000000      187.762147        0.000000        0.000004
   595      186.672290        0.000000      186.672290        0.000000        0.000010
   596      187.235969        0.000000      187.235969        0.000000        0.000005
   597      186.713994        0.000000      186.713994        0.000000        0.000006
   598      186.686795        0.000000      186.686795        0.000000        0.000007
   599      187.320150        0.000000      187.320150        0.000000        0.000007
   600      186.715958        0.000000      186.715958        0.000000        0.000006
   601      186.062073        0.000000      186.062073        0.000000        0.000005
   602      186.903729        0.000000      186.903729        0.000000        0.000008
   603      186.809895        0.173949      360.759056        0.000000        0.000012
   604      186.388148        0.000000      186.388148        0.000000        0.000006
   605      187.079359        0.000000      187.079359        0.000000        0.000008
   606      187.479094        0.000000      187.479094        0.000000        0.000007
   607      187.155925        0.000000      187.155925        0.000000        0.000009
   608      187.138885        0.000000      187.138885        0.000000        0.000009
   609      186.779649        0.000000      186.779649        0.000000        0.000007
   610      186.839012        0.000000      186.839012        0.000000        0.000008
   611      186.409496        0.000000      186.409496        0.000000        0.000009
   612      187.092936        0.000000      187.092936        0.000000        0.000008
   613      186.260047        0.000000      186.260047        0.000000        0.000006
   614      187.321955        0.000000      187.321955        0.000000        0.000008
   615      187.085408        0.000000      187.085408        0.000000        0.000010
   616      186.461811        0.000000      186.461811        0.000000        0.000009
   617      187.428010        0.000000      187.428010        0.000000        0.000005
   618      186.684990        0.000000      186.684990        0.000000        0.000008
   619      186.755667        0.000000      186.755667        0.000000        0.000007
   620      187.303444        0.000000      187.303444        0.000000        0.000008
   621      186.912656        0.000000      186.912656        0.000000        0.000006
   622      186.925134        0.000000      186.925134        0.000000        0.000006
   623      186.966596        0.096946      283.913061        0.000000        0.000011
   624      187.098253        0.000000      187.098253        0.000000        0.000007
   625      186.418553        0.000000      186.418553        0.000000        0.000008
   626      187.167212        0.000000      187.167212        0.000000        0.000010
   627      186.266873        0.000000      186.266873        0.000000        0.000009
   628      186.616129        0.000000      186.616129        0.000000        0.000009
   629      187.573320        0.000000      187.573320        0.000000        0.000010
   630      187.476678        0.000000      187.476678        0.000000        0.000006
   631      186.346624        0.000000      186.346624        0.000000        0.000009
   632      186.491476        0.000000      186.491476        0.000000        0.000008
   633      186.678103        0.000000      186.678103        0.000000        0.000006
   634      187.035708        0.000000      187.035708        0.000000        0.000006
   635      186.797974        0.000000      186.797974        0.000000        0.000007
   636      187.004522        0.000000      187.004522        0.000000        0.000007
   637      186.843062        0.000000      186.843062        0.000000        0.000007
   638      186.521019        0.265049      451.570247        0.000000        0.000013
   639      188.057630        0.000000      188.057630        0.000000        0.000005
   640      187.741851        0.000000      187.741851        0.000000        0.000006
   641      186.670217        0.000000      186.670217        0.000000        0.000007
   642      186.734314        0.000000      186.734314        0.000000        0.000007
   643      186.953288        0.000000      186.953288        0.000000        0.000009
   644      187.184550        0.000000      187.184550        0.000000        0.000008
   645      186.472657        0.000000      186.472657        0.000000        0.000005
   646      187.250417        0.000000      187.250417        0.000000        0.000009
   647      186.757077        0.000000      186.757077        0.000000        0.000008
   648      186.277624        0.000000      186.277624        0.000000        0.000007
   649      188.176976        0.000000      188.176976        0.000000        0.000004
   650      186.878795        0.034581      221.460151        0.000000        0.000010
   651      187.078277        0.000000      187.078277        0.000000        0.000007
   652      186.694259        0.000000      186.694259        0.000000        0.000008
   653      187.798433        0.000000      187.798433        0.000000        0.000005
   654      186.855268        0.000000      186.855268        0.000000        0.000009
   655      186.967053        0.000000      186.967053        0.000000        0.000010
   656      187.226697        0.000000      187.226697        0.000000        0.000006
   657      186.954765        0.000000      186.954765        0.000000        0.000008
   658      186.617022        0.000000      186.617022        0.000000        0.000007
   659      186.518443        0.000000      186.518443        0.000000        0.000006
   660      187.158765        0.000000      187.158765        0.000000        0.000010
   661      186.944465        0.000000      186.944465        0.000000        0.000007
   662      187.153512        0.000000      187.153512        0.000000        0.000008
   663      187.675578        0.000000      187.675578        0.000000        0.000006
   664      186.311883        0.000000      186.311883        0.000000        0.000008
   665      186.732865        0.000000      186.732865        0.000000        0.000006
   666      186.905388        0.000000      186.905388        0.000000        0.000007
   667      186.387441        0.000000      186.387441        0.000000        0.000009
   668      187.312246        0.000000      187.312246        0.000000        0.000005
   669      187.176045        0.000000      187.176045        0.000000        0.000005
   670      186.740007        0.000000      186.740007        0.000000        0.000006
   671      186.771855        0.036157      222.929225        0.000000        0.000010
   672      187.398663        0.000000      187.398663        0.000000        0.000009
   673      187.304459        0.000000      187.304459        0.000000        0.000005
   674      187.558199        0.000000      187.558199        0.000000        0.000006
   675      186.978930        0.000000      186.978930        0.000000        0.000006
   676      186.520471        0.000747      187.267608        0.000000        0.000010
   677      186.174247        0.098433      284.607398        0.000000        0.000011
   678      186.850926        0.122259      309.109993        0.000000        0.000011
   679      186.620093        0.000000      186.620093        0.000000        0.000007
   680      187.713135        0.000000      187.713135        0.000000        0.000007
   681      186.654680        0.000000      186.654680        0.000000        0.000009
   682      187.495791        0.000000      187.495791        0.000000        0.000006
   683      187.501458        0.000000      187.501458        0.000000        0.000007
   684      186.882226        0.000000      186.882226        0.000000        0.000006
   685      186.610875        0.000000      186.610875        0.000000        0.000009
   686      188.196961        0.000000      188.196961        0.000000        0.000007
   687      186.618170        0.000000      186.618170        0.000000        0.000009
   688      187.979305        0.033357      221.336501        0.000000        0.000010
   689      186.423131        0.000000      186.423131        0.000000        0.000009
   690      186.989778        0.000000      186.989778        0.000000        0.000005
   691      187.367377        0.000000      187.367377        0.000000        0.000009
   692      186.844272        0.000000      186.844272        0.000000        0.000007
   693      187.705009        0.035904      223.609050        0.000000        0.000010
   694      186.844887        0.000000      186.844887        0.000000        0.000009
   695      186.654166        0.000000      186.654166        0.000000        0.000008
   696      187.251611        0.000000      187.251611        0.000000        0.000006
   697      187.579513        0.000000      187.579513        0.000000        0.000010
   698      186.572847        0.000000      186.572847        0.000000        0.000008
   699      186.678883        0.000000      186.678883        0.000000        0.000008
   700      187.229982        0.019763      206.992730        0.000000        0.000010
   701      187.394052        0.000000      187.394052        0.000000        0.000008
   702      186.987497        0.000000      186.987497        0.000000        0.000006
   703      186.639708        0.000000      186.639708        0.000000        0.000006
   704      187.171554        0.000000      187.171554        0.000000        0.000008
   705      186.627870        0.000000      186.627870        0.000000        0.000008
   706      186.862607        0.000000      186.862607        0.000000        0.000005
   707      186.418866        0.000000      186.418866        0.000000        0.000008
   708      187.046305        0.000000      187.046305        0.000000        0.000007
   709      186.622680        0.000000      186.622680        0.000000        0.000008
   710      187.540872        0.000000      187.540872        0.000000        0.000007
   711      187.192729        0.000000      187.192729        0.000000        0.000006
   712      187.298950        0.000000      187.298950        0.000000        0.000005
   713      187.222138        0.000000      187.222138        0.000000        0.000006
   714      187.179389        0.000000      187.179389        0.000000        0.000006
   715      186.808294        0.000000      186.808294        0.000000        0.000010
   716      186.519104        0.000000      186.519104        0.000000        0.000007
   717      188.090191        0.000000      188.090191        0.000000        0.000006
   718      186.541156        0.000000      186.541156        0.000000        0.000007
   719      187.802051        0.000000      187.802051        0.000000        0.000006
   720      186.860197        0.000000      186.860197        0.000000        0.000008
   721      186.194153        0.000000      186.194153        0.000000        0.000009
   722      187.005854        0.000000      187.005854        0.000000        0.000006
   723      187.017367        0.000000      187.017367        0.000000        0.000006
   724      187.459380        0.000000      187.459380        0.000000        0.000007
   725      187.293630        0.000000      187.293630        0.000000        0.000005
   726      187.184860        0.000000      187.184860        0.000000        0.000006
   727      187.489093        0.000000      187.489093        0.000000        0.000007
   728      186.473269        0.000000      186.473269        0.000000        0.000008
   729      186.551972        0.000000      186.551972        0.000000        0.000007
   730      186.796821        0.000000      186.796821        0.000000        0.000009
   731      186.504354        0.000000      186.504354        0.000000        0.000009
   732      187.392844        0.000000      187.392844        0.000000        0.000006
   733      187.460135        0.000000      187.460135        0.000000        0.000007
   734      187.129091        0.000000      187.129091        0.000000        0.000006
   735      187.170358        0.000000      187.170358        0.000000        0.000006
   736      186.514942        0.000000      186.514942        0.000000        0.000009
   737      186.740304        0.135071      321.810888        0.000000        0.000011
   738      187.093963        0.000000      187.093963        0.000000        0.000008
   739      186.509455        0.000000      186.509455        0.000000        0.000007
   740      187.190523        0.000000      187.190523        0.000000        0.000006
   741      186.535916        0.000000      186.535916        0.000000        0.000009
   742      186.911108        0.000000      186.911108        0.000000        0.000009
   743      186.510065        0.000000      186.510065        0.000000        0.000009
   744      186.847368        0.135624      322.471378        0.000000        0.000011
   745      187.051965        0.000000      187.051965        0.000000        0.000006
   746      187.074642        0.000000      187.074642        0.000000        0.000009
   747      186.424078        0.000000      186.424078        0.000000        0.000008
   748      186.749680        0.000000      186.749680        0.000000        0.000007
   749      187.121211        0.000000      187.121211        0.000000        0.000008
   750      186.646319        0.000000      186.646319        0.000000        0.000006
   751      186.486138        0.000000      186.486138        0.000000        0.000008
   752      186.279799        0.000000      186.279799        0.000000        0.000007
   753      186.913774        0.000000      186.913774        0.000000        0.000008
   754      187.222721        0.000000      187.222721        0.000000        0.000009
   755      185.855720        0.076598      262.453537        0.000000        0.000011
   756      187.379275        0.000000      187.379275        0.000000        0.000007
   757      187.350493        0.000000      187.350493        0.000000        0.000007
   758      187.458468        0.000000      187.458468        0.000000        0.000007
   759      186.317640        0.000000      186.317640        0.000000        0.000008
   760      187.229610        0.000000      187.229610        0.000000        0.000008
   761      186.388023        0.000000      186.388023        0.000000        0.000006
   762      186.749341        0.005410      192.159363        0.000000        0.000010
   763      187.540342        0.000000      187.540342        0.000000        0.000006
   764      188.081090        0.000000      188.081090        0.000000        0.000005
   765      187.799532        0.000000      187.799532        0.000000        0.000005
   766      186.614140        0.000000      186.614140        0.000000        0.000007
   767      187.108198        0.000000      187.108198        0.000000        0.000006
   768      187.009625        0.000000      187.009625        0.000000        0.000006
   769      186.958230        0.000000      186.958230        0.000000        0.000006
   770      186.834367        0.000000      186.834367        0.000000        0.000006
   771      186.915288        0.000000      186.915288        0.000000        0.000008
   772      186.971133        0.000000      186.971133        0.000000        0.000006
   773      187.261007        0.000000      187.261007        0.000000        0.000006
   774      186.977133        0.000000      186.977133        0.000000        0.000009
   775      186.667638        0.000000      186.667638        0.000000        0.000009
   776      186.784729        0.000000      186.784729        0.000000        0.000006
   777      186.904150        0.000000      186.904150        0.000000        0.000008
   778      186.910509        0.000000      186.910509        0.000000        0.000009
   779      187.077804        0.000000      187.077804        0.000000        0.000005
   780      187.756403        0.000000      187.756403        0.000000        0.000009
   781      186.278426        0.000000      186.278426        0.000000        0.000009
   782      186.473866        0.018420      204.894355        0.000000        0.000010
   783      187.127649        0.000000      187.127649        0.000000        0.000006
   784      187.168397        0.000000      187.168397        0.000000        0.000008
   785      187.613833        0.000000      187.613833        0.000000        0.000005
   786      187.076873        0.000000      187.076873        0.000000        0.000010
   787      187.108354        0.000000      187.108354        0.000000        0.000006
   788      187.360475        0.000000      187.360475        0.000000        0.000008
   789      187.338483        0.000000      187.338483        0.000000        0.000008
   790      187.513171        0.000000      187.513171        0.000000        0.000008
   791      186.782931        0.000000      186.782931        0.000000        0.000005
   792      187.080818        0.000000      187.080818        0.000000        0.000006
   793      186.789108        0.000000      186.789108        0.000000        0.000006
   794      186.745654        0.117372      304.117855        0.000000        0.000011
   795      186.531340        0.000000      186.531340        0.000000        0.000007
   796      186.672396        0.000000      186.672396        0.000000        0.000007
   797      186.925714        0.000000      186.925714        0.000000        0.000008
   798      186.652451        0.021754      208.406597        0.000000        0.000010
   799      186.940500        0.000000      186.940500        0.000000        0.000006
   800      186.825321        0.015562      202.386993        0.000000        0.000010
   801      187.163169        0.000000      187.163169        0.000000        0.000007
   802      186.466659        0.000000      186.466659        0.000000        0.000006
   803      186.874042        0.000000      186.874042        0.000000        0.000009
   804      186.816593        0.000000      186.816593        0.000000        0.000008
   805      187.460415        0.000000      187.460415        0.000000        0.000005
   806      186.446080        0.000000      186.446080        0.000000        0.000009
   807      186.702771        0.130977      317.680209        0.000000        0.000011
   808      187.104126        0.000000      187.104126        0.000000        0.000006
   809      187.114963        0.000000      187.114963        0.000000        0.000007
   810      186.337966        0.000000      186.337966        0.000000        0.000008
   811      187.144028        0.000000      187.144028        0.000000        0.000008
   812      186.900345        0.000000      186.900345        0.000000        0.000008
   813      186.575458        0.000000      186.575458        0.000000        0.000008
   814      186.925774        0.049512      236.437321        0.000000        0.000010
   815      186.859701        0.000000      186.859701        0.000000        0.000010
   816      187.080167        0.000000      187.080167        0.000000        0.000008
   817      187.494468        0.000000      187.494468        0.000000        0.000007
   818      187.364665        0.000000      187.364665        0.000000        0.000007
   819      187.121830        0.000000      187.121830        0.000000        0.000005
   820      186.703192        0.063958      250.661129        0.000000        0.000011
   821      186.097721        0.294618      480.715841        0.000000        0.000013
   822      187.183230        0.000000      187.183230        0.000000        0.000006
   823      187.162416        0.000000      187.162416        0.000000        0.000008
   824      187.007310        0.000000      187.007310        0.000000        0.000006
   825      186.884386        0.000000      186.884386        0.000000        0.000009
   826      187.670257        0.000000      187.670257        0.000000        0.000005
   827      187.498449        0.000000      187.498449        0.000000        0.000007
   828      187.016156        0.000000      187.016156        0.000000        0.000008
   829      187.968607        0.000000      187.968607        0.000000        0.000004
   830      186.610329        0.075434      262.044258        0.000000        0.000011
   831      187.552757        0.000000      187.552757        0.000000        0.000006
   832      187.532319        0.000000      187.532319        0.000000        0.000007
   833      186.435287        0.000000      186.435287        0.000000        0.000008
   834      186.700802        0.000000      186.700802        0.000000        0.000006
   835      186.386937        0.000000      186.386937        0.000000        0.000007
   836      187.763708        0.000000      187.763708        0.000000        0.000006
   837      187.309019        0.000000      187.309019        0.000000        0.000008
   838      186.492686        0.000000      186.492686        0.000000        0.000007
   839      186.406734        0.000000      186.406734        0.000000        0.000007
   840      186.651301        0.000192      186.842965        0.000000        0.000010
   841      186.498207        0.000000      186.498207        0.000000        0.000008
   842      187.137137        0.000000      187.137137        0.000000        0.000006
   843      186.989263        0.000000      186.989263        0.000000        0.000009
   844      187.236488        0.000000      187.236488        0.000000        0.000006
   845      186.717825        0.000000      186.717825        0.000000        0.000005
   846      187.415705        0.000000      187.415705        0.000000        0.000007
   847      187.805269        0.000000      187.805269        0.000000        0.000007
   848      187.087493        0.000000      187.087493        0.000000        0.000006
   849      186.924583        0.059508      246.432215        0.000000        0.000011
   850      187.019857        0.000000      187.019857        0.000000        0.000007
   851      187.365390        0.000000      187.365390        0.000000        0.000005
   852      187.126544        0.000000      187.126544        0.000000        0.000009
   853      186.780841        0.000000      186.780841        0.000000        0.000006
   854      186.490639        0.000000      186.490639        0.000000        0.000006
   855      186.505222        0.000000      186.505222        0.000000        0.000006
   856      187.273862        0.000000      187.273862        0.000000        0.000008
   857      186.571669        0.284643      471.214787        0.000000        0.000013
   858      186.454194        0.000000      186.454194        0.000000        0.000008
   859      186.614613        0.000000      186.614613        0.000000        0.000007
   860      186.815226        0.000000      186.815226        0.000000        0.000007
   861      187.598472        0.000000      187.598472        0.000000        0.000010
   862      187.694721        0.000000      187.694721        0.000000        0.000006
   863      187.281877        0.000000      187.281877        0.000000        0.000008
   864      186.728307        0.000000      186.728307        0.000000        0.000008
   865      186.880353        0.000000      186.880353        0.000000        0.000007
   866      186.760968        0.000000      186.760968        0.000000        0.000008
   867      187.855232        0.000000      187.855232        0.000000        0.000009
   868      186.582249        0.000000      186.582249        0.000000        0.000007
   869      186.842279        0.000000      186.842279        0.000000        0.000007
   870      187.045478        0.000000      187.045478        0.000000        0.000006
   871      187.144710        0.000000      187.144710        0.000000        0.000006
   872      186.811936        0.000000      186.811936        0.000000        0.000010
   873      187.149742        0.000000      187.149742        0.000000        0.000007
   874      187.003077        0.000000      187.003077        0.000000        0.000009
   875      187.015707        0.034092      221.107562        0.000000        0.000010
   876      187.550646        0.000000      187.550646        0.000000        0.000006
   877      186.478165        0.000000      186.478165        0.000000        0.000007
   878      187.123471        0.000000      187.123471        0.000000        0.000007
   879      186.471141        0.000000      186.471141        0.000000        0.000006
   880      186.905687        0.000000      186.905687        0.000000        0.000006
   881      186.863489        0.000000      186.863489        0.000000        0.000006
   882      186.651349        0.000000      186.651349        0.000000        0.000007
   883      186.463098        0.000000      186.463098        0.000000        0.000010
   884      186.584993        0.000000      186.584993        0.000000        0.000009
   885      186.590343        0.000000      186.590343        0.000000        0.000009
   886      186.816670        0.000000      186.816670        0.000000        0.000009
   887      186.850677        0.000000      186.850677        0.000000        0.000009
   888      187.336113        0.000000      187.336113        0.000000        0.000006
   889      187.271831        0.199306      386.577681        0.000000        0.000012
   890      186.575556        0.000000      186.575556        0.000000        0.000010
   891      186.993302        0.000000      186.993302        0.000000        0.000009
   892      187.023420        0.000000      187.023420        0.000000        0.000006
   893      186.985601        0.304277      491.262519        0.000000        0.000013
   894      187.119987        0.000000      187.119987        0.000000        0.000005
   895      187.109798        0.000000      187.109798        0.000000        0.000007
   896      186.174438        0.000000      186.174438        0.000000        0.000009
   897      187.343946        0.000000      187.343946        0.000000        0.000008
   898      187.025443        0.000000      187.025443        0.000000        0.000008
   899      186.874036        0.000000      186.874036        0.000000        0.000007
   900      187.968352        0.000000      187.968352        0.000000        0.000005
   901      187.217932        0.000000      187.217932        0.000000        0.000007
   902      186.515520        0.000000      186.515520        0.000000        0.000006
   903      186.670565        0.000000      186.670565        0.000000        0.000008
   904      186.618225        0.181115      367.732755        0.000000        0.000012
   905      186.946197        0.000000      186.946197        0.000000        0.000006
   906      187.135025        0.000000      187.135025        0.000000        0.000006
   907      186.483162        0.000000      186.483162        0.000000        0.000008
   908      186.365559        0.000000      186.365559        0.000000        0.000005
   909      187.352469        0.000000      187.352469        0.000000        0.000005
   910      187.292288        0.000000      187.292288        0.000000        0.000008
   911      186.746803        0.000000      186.746803        0.000000        0.000008
   912      187.378720        0.000000      187.378720        0.000000        0.000006
   913      187.401628        0.000000      187.401628        0.000000        0.000007
   914      187.626997        0.000000      187.626997        0.000000        0.000005
   915      186.323124        0.000000      186.323124        0.000000        0.000007
   916      186.890310        0.000000      186.890310        0.000000        0.000008
   917      187.376783        0.000000      187.376783        0.000000        0.000005
   918      186.672643        0.000000      186.672643        0.000000        0.000009
   919      186.730144        0.000000      186.730144        0.000000        0.000009
   920      187.037125        0.000000      187.037125        0.000000        0.000006
   921      186.404351        0.000000      186.404351        0.000000        0.000006
   922      187.365164        0.000000      187.365164        0.000000        0.000004
   923      186.758306        0.000000      186.758306        0.000000        0.000007
   924      186.273100        0.000000      186.273100        0.000000        0.000007
   925      187.063007        0.000000      187.063007        0.000000        0.000004
   926      187.017293        0.000000      187.017293        0.000000        0.000009
   927      186.591610        0.000000      186.591610        0.000000        0.000008
   928      187.087003        0.000000      187.087003        0.000000        0.000007
   929      187.065732        0.000000      187.065732        0.000000        0.000004
   930      186.824973        0.000000      186.824973        0.000000        0.000006
   931      186.851431        0.000000      186.851431        0.000000        0.000008
   932      185.960936        0.446176      632.136975        0.000000        0.000014
   933      188.546555        0.000000      188.546555        0.000000        0.000006
   934      186.938395        0.000000      186.938395        0.000000        0.000008
   935      186.704677        0.000000      186.704677        0.000000        0.000006
   936      187.960365        0.000000      187.960365        0.000000        0.000005
   937      186.809506        0.000000      186.809506        0.000000        0.000009
   938      187.008351        0.000000      187.008351        0.000000        0.000006
   939      186.908488        0.000000      186.908488        0.000000        0.000007
   940      186.745854        0.000000      186.745854        0.000000        0.000007
   941      186.943912        0.000000      186.943912        0.000000        0.000006
   942      186.733843        0.000000      186.733843        0.000000        0.000006
   943      186.847519        0.035882      222.729595        0.000000        0.000010
   944      187.666133        0.000000      187.666133        0.000000        0.000007
   945      186.974558        0.000000      186.974558        0.000000        0.000008
   946      186.806062        0.000000      186.806062        0.000000        0.000008
   947      186.688195        0.000000      186.688195        0.000000        0.000008
   948      187.268334        0.000000      187.268334        0.000000        0.000008
   949      187.336863        0.153860      341.196850        0.000000        0.000012
   950      186.291366        0.000000      186.291366        0.000000        0.000008
   951      186.844845        0.000000      186.844845        0.000000        0.000007
   952      186.357537        0.016189      202.546357        0.000000        0.000010
   953      186.856898        0.000000      186.856898        0.000000        0.000007
   954      186.874245        0.000000      186.874245        0.000000        0.000007
   955      187.211530        0.000000      187.211530        0.000000        0.000007
   956      186.476427        0.000000      186.476427        0.000000        0.000009
   957      186.739101        0.000000      186.739101        0.000000        0.000008
   958      186.521553        0.000000      186.521553        0.000000        0.000006
   959      187.099012        0.000000      187.099012        0.000000        0.000008
   960      186.886125        0.000000      186.886125        0.000000        0.000009
   961      187.022055        0.000000      187.022055        0.000000        0.000009
   962      187.439994        0.000000      187.439994        0.000000        0.000006
   963      187.316329        0.000000      187.316329        0.000000        0.000005
   964      187.825882        0.000000      187.825882        0.000000        0.000009
   965      187.422062        0.000000      187.422062        0.000000        0.000006
   966      186.681629        0.241758      428.439237        0.000000        0.000012
   967      186.933900        0.000000      186.933900        0.000000        0.000007
   968      187.489453        0.000000      187.489453        0.000000        0.000009
   969      187.645079        0.000000      187.645079        0.000000        0.000005
   970      186.943508        0.000000      186.943508        0.000000        0.000006
   971      186.454530        0.000000      186.454530        0.000000        0.000008
   972      186.720802        0.000000      186.720802        0.000000        0.000008
   973      187.099115        0.000000      187.099115        0.000000        0.000007
   974      186.367560        0.000000      186.367560        0.000000        0.000008
   975      186.573434        0.000000      186.573434        0.000000        0.000010
   976      187.341449        0.000000      187.341449        0.000000        0.000005
   977      186.843542        0.000000      186.843542        0.000000        0.000007
   978      187.604580        0.000000      187.604580        0.000000        0.000007
   979      187.186925        0.000000      187.186925        0.000000        0.000006
   980      186.970520        0.000000      186.970520        0.000000        0.000005
   981      187.160077        0.000000      187.160077        0.000000        0.000006
   982      186.703667        0.000000      186.703667        0.000000        0.000010
   983      187.225387        0.000000      187.225387        0.000000        0.000007
   984      186.969864        0.000000      186.969864        0.000000        0.000006
   985      186.934718        0.000000      186.934718        0.000000        0.000007
   986      187.334746        0.000000      187.334746        0.000000        0.000006
   987      186.758925        0.000000      186.758925        0.000000        0.000007
   988      186.419377        0.000000      186.419377        0.000000        0.000008
   989      186.473909        0.000000      186.473909        0.000000        0.000009
   990      186.538719        0.000000      186.538719        0.000000        0.000007
   991      186.859893        0.000000      186.859893        0.000000        0.000008
   992      186.771192        0.000000      186.771192        0.000000        0.000007
   993      186.683246        0.000000      186.683246        0.000000        0.000009
   994      186.687167        0.000000      186.687167        0.000000        0.000007
   995      186.998813        0.000000      186.998813        0.000000        0.000009
   996      187.602189        0.000000      187.602189        0.000000        0.000006
   997      186.561633        0.000000      186.561633        0.000000        0.000006
   998      186.095275        0.000000      186.095275        0.000000        0.000009
   999      187.204270        0.000000      187.204270        0.000000        0.000006
  1000      185.834454        0.000000      185.834454        0.000000        0.000006
