     1      189.424803        0.000000      189.424803        0.000000        0.000007
     2      189.409871        0.000000      189.409871        0.000000        0.000004
     3      189.788605        0.000000      189.788605        0.000000        0.000005
     4      188.870397        0.000000      188.870397        0.000000        0.000006
     5      189.315517        0.000000      189.315517        0.000000        0.000008
     6      189.531750        0.000000      189.531750        0.000000        0.000005
     7      190.205798        0.000000      190.205798        0.000000        0.000004
     8      189.988184        0.000000      189.988184        0.000000        0.000005
     9      189.258314        0.000000      189.258314        0.000000        0.000006
    10      189.968489        0.000000      189.968489        0.000000        0.000006
    11      189.074574        0.000000      189.074574        0.000000        0.000005
    12      189.445325        0.000000      189.445325        0.000000        0.000005
    13      190.269550        0.000000      190.269550        0.000000        0.000005
    14      189.543270        0.000000      189.543270        0.000000        0.000007
    15      189.858487        0.000000      189.858487        0.000000        0.000006
    16      189.842002        0.000000      189.842002        0.000000        0.000006
    17      189.697297        0.000000      189.697297        0.000000        0.000006
    18      189.898924        0.000000      189.898924        0.000000        0.000005
    19      188.493572        0.000000      188.493572        0.000000        0.000009
    20      189.724410        0.000000      189.724410        0.000000        0.000004
    21      189.410163        0.000000      189.410163        0.000000        0.000006
    22      189.907326        0.000000      189.907326        0.000000        0.000005
    23      190.064626        0.000000      190.064626        0.000000        0.000003
    24      189.866183        0.000000      189.866183        0.000000        0.000004
    25      190.782726        0.000000      190.782726        0.000000        0.000004
    26      189.945299        0.000000      189.945299        0.000000        0.000006
    27      190.200416        0.000000      190.200416        0.000000        0.000005
    28      189.923600        0.000000      189.923600        0.000000        0.000007
    29      189.395338        0.000000      189.395338        0.000000        0.000005
    30      190.516493        0.000000      190.516493        0.000000        0.000005
    31      189.998751        0.000000      189.998751        0.000000        0.000005
    32      189.654533        0.000000      189.654533        0.000000        0.000005
    33      190.750202        0.000000      190.750202        0.000000        0.000004
    34      189.499475        0.000000      189.499475        0.000000        0.000006
    35      188.711120        0.000000      188.711120        0.000000        0.000007
    36      188.503483        0.000000      188.503483        0.000000        0.000005
    37      189.356380        0.000000      189.356380        0.000000        0.000005
    38      190.085038        0.000000      190.085038        0.000000        0.000006
    39      189.275962        0.000000      189.275962        0.000000        0.000006
    40      188.617910        0.000000      188.617910        0.000000        0.000006
    41      189.937212        0.000000      189.937212        0.000000        0.000005
    42      189.314457        0.000000      189.314457        0.000000        0.000006
    43      189.801075        0.000000      189.801075        0.000000        0.000006
    44      190.097707        0.000000      190.097707        0.000000        0.000009
    45      189.755104        0.000000      189.755104        0.000000        0.000004
    46      189.412722        0.000000      189.412722        0.000000        0.000008
    47      189.928060        0.000000      189.928060        0.000000        0.000007
    48      189.952433        0.000000      189.952433        0.000000        0.000005
    49      190.541905        0.000000      190.541905        0.000000        0.000005
    50      189.788968        0.000000      189.788968        0.000000        0.000005
    51      189.231755        0.000000      189.231755        0.000000        0.000005
    52      189.757113        0.000000      189.757113        0.000000        0.000007
    53      189.544987        0.000000      189.544987        0.000000        0.000004
    54      188.947613        0.000000      188.947613        0.000000        0.000007
    55      188.894240        0.000000      188.894240        0.000000        0.000009
    56      189.494420        0.000000      189.494420        0.000000        0.000007
    57      189.754644        0.000000      189.754644        0.000000        0.000005
    58      189.211818        0.000000      189.211818        0.000000        0.000007
    59      189.774130        0.000000      189.774130        0.000000        0.000006
    60      189.781486        0.000000      189.781486        0.000000        0.000010
    61      189.159186        0.000000      189.159186        0.000000        0.000005
    62      188.864271        0.000000      188.864271        0.000000        0.000004
    63      189.583573        0.000000      189.583573        0.000000        0.000004
    64      189.814693        0.000000      189.814693        0.000000        0.000004
    65      189.204157        0.000000      189.204157        0.000000        0.000007
    66      190.006007        0.000000      190.006007        0.000000        0.000004
    67      188.851071        0.000000      188.851071        0.000000        0.000007
    68      189.368857        0.000000      189.368857        0.000000        0.000010
    69      190.391915        0.000000      190.391915        0.000000        0.000006
    70      189.397280        0.000000      189.397280        0.000000        0.000004
    71      190.227297        0.000000      190.227297        0.000000        0.000006
    72      188.985132        0.000000      188.985132        0.000000        0.000006
    73      188.530766        0.000000      188.530766        0.000000        0.000009
    74      189.427916        0.000000      189.427916        0.000000        0.000007
    75      190.340975        0.000000      190.340975        0.000000        0.000005
    76      189.266645        0.000000      189.266645        0.000000        0.000006
    77      190.240271        0.000000      190.240271        0.000000        0.000003
    78      190.617764        0.000000      190.617764        0.000000        0.000003
    79      190.106062        0.000000      190.106062        0.000000        0.000003
    80      189.962209        0.000000      189.962209        0.000000        0.000003
    81      189.374875        0.000000      189.374875        0.000000        0.000005
    82      189.336574        0.000000      189.336574        0.000000        0.000007
    83      189.083659        0.000000      189.083659        0.000000        0.000005
    84      189.347718        0.000000      189.347718        0.000000        0.000003
    85      189.509340        0.000000      189.509340        0.000000        0.000007
    86      189.938954        0.000000      189.938954        0.000000        0.000006
    87      190.241939        0.000000      190.241939        0.000000        0.000004
    88      189.834299        0.000000      189.834299        0.000000        0.000007
    89      189.558367        0.000000      189.558367        0.000000        0.000004
    90      189.068544        0.000000      189.068544        0.000000        0.000005
    91      189.252510        0.000000      189.252510        0.000000        0.000006
    92      190.201549        0.000000      190.201549        0.000000        0.000007
    93      190.151676        0.000000      190.151676        0.000000        0.000005
    94      190.264519        0.000000      190.264519        0.000000        0.000004
    95      188.883341        0.000000      188.883341        0.000000        0.000006
    96      188.913314        0.000000      188.913314        0.000000        0.000006
    97      189.361155        0.000000      189.361155        0.000000        0.000005
    98      190.023938        0.000000      190.023938        0.000000        0.000004
    99      190.058853        0.000000      190.058853        0.000000        0.000005
   100      189.363898        0.000000      189.363898        0.000000        0.000008
   101      189.436471        0.000000      189.436471        0.000000        0.000005
   102      189.980107        0.000000      189.980107        0.000000        0.000004
   103      190.410190        0.000000      190.410190        0.000000        0.000005
   104      188.877426        0.000000      188.877426        0.000000        0.000008
   105      190.251450        0.000000      190.251450        0.000000        0.000003
   106      190.604779        0.000000      190.604779        0.000000        0.000005
   107      189.773786        0.000000      189.773786        0.000000        0.000005
   108      189.620210        0.000000      189.620210        0.000000        0.000005
   109      189.137299        0.000000      189.137299        0.000000        0.000006
   110      189.665981        0.000000      189.665981        0.000000        0.000004
   111      189.157418        0.000000      189.157418        0.000000        0.000004
   112      189.276636        0.000000      189.276636        0.000000        0.000007
   113      190.145622        0.000000      190.145622        0.000000        0.000003
   114      188.533737        0.000000      188.533737        0.000000        0.000008
   115      190.530094        0.000000      190.530094        0.000000        0.000007
   116      190.390913        0.000000      190.390913        0.000000        0.000005
   117      190.091028        0.000000      190.091028        0.000000        0.000006
   118      190.095041        0.000000      190.095041        0.000000        0.000003
   119      190.104477        0.000000      190.104477        0.000000        0.000003
   120      189.829861        0.000000      189.829861        0.000000        0.000004
   121      189.065207        0.000000      189.065207        0.000000        0.000005
   122      190.379477        0.000000      190.379477        0.000000        0.000004
   123      189.981692        0.000000      189.981692        0.000000        0.000006
   124      189.710783        0.000000      189.710783        0.000000        0.000004
   125      190.256053        0.000000      190.256053        0.000000        0.000004
   126      190.086190        0.000000      190.086190        0.000000        0.000008
   127      189.324136        0.000000      189.324136        0.000000        0.000005
   128      189.725082        0.000000      189.725082        0.000000        0.000005
   129      189.474401        0.000000      189.474401        0.000000        0.000010
   130      189.491847        0.000000      189.491847        0.000000        0.000004
   131      190.128488        0.000000      190.128488        0.000000        0.000007
   132      190.031711        0.000000      190.031711        0.000000        0.000006
   133      189.529462        0.000000      189.529462        0.000000        0.000006
   134      189.829368        0.000000      189.829368        0.000000        0.000006
   135      189.822487        0.000000      189.822487        0.000000        0.000005
   136      189.399926        0.000000      189.399926        0.000000        0.000006
   137      188.381056        0.000000      188.381056        0.000000        0.000009
   138      189.868687        0.000000      189.868687        0.000000        0.000008
   139      189.647601        0.000000      189.647601        0.000000        0.000004
   140      188.867393        0.000000      188.867393        0.000000        0.000007
   141      189.676869        0.000000      189.676869        0.000000        0.000007
   142      189.728660        0.000000      189.728660        0.000000        0.000005
   143      189.233625        0.000000      189.233625        0.000000        0.000005
   144      189.801509        0.000000      189.801509        0.000000        0.000007
   145      189.608094        0.000000      189.608094        0.000000        0.000005
   146      189.175720        0.000000      189.175720        0.000000        0.000004
   147      189.505872        0.000000      189.505872        0.000000        0.000009
   148      189.343792        0.000000      189.343792        0.000000        0.000006
   149      190.006371        0.000000      190.006371        0.000000        0.000005
   150      188.891952        0.000000      188.891952        0.000000        0.000006
   151      190.156881        0.000000      190.156881        0.000000        0.000005
   152      189.517436        0.000000      189.517436        0.000000        0.000007
   153      189.193904        0.000000      189.193904        0.000000        0.000007
   154      189.988233        0.000000      189.988233        0.000000        0.000005
   155      190.024794        0.000000      190.024794        0.000000        0.000005
   156      189.845088        0.000000      189.845088        0.000000        0.000006
   157      189.198106        0.000000      189.198106        0.000000        0.000006
   158      189.817681        0.000000      189.817681        0.000000        0.000004
   159      190.728778        0.000000      190.728778        0.000000        0.000004
   160      190.897429        0.000000      190.897429        0.000000        0.000006
   161      189.910014        0.000000      189.910014        0.000000        0.000007
   162      190.066442        0.000000      190.066442        0.000000        0.000006
   163      188.544741        0.000000      188.544741        0.000000        0.000006
   164      189.098405        0.000000      189.098405        0.000000        0.000006
   165      189.223344        0.000000      189.223344        0.000000        0.000008
   166      189.838860        0.000000      189.838860        0.000000        0.000005
   167      189.838089        0.000000      189.838089        0.000000        0.000005
   168      190.037990        0.000000      190.037990        0.000000        0.000004
   169      190.305986        0.000000      190.305986        0.000000        0.000004
   170      189.681063        0.000000      189.681063        0.000000        0.000005
   171      189.705173        0.000000      189.705173        0.000000        0.000004
   172      189.143959        0.000000      189.143959        0.000000        0.000007
   173      189.229520        0.000000      189.229520        0.000000        0.000005
   174      189.565212        0.000000      189.565212        0.000000        0.000005
   175      189.678315        0.000000      189.678315        0.000000        0.000004
   176      189.948989        0.000000      189.948989        0.000000        0.000007
   177      190.099297        0.000000      190.099297        0.000000        0.000006
   178      190.141718        0.000000      190.141718        0.000000        0.000003
   179      190.054505        0.000000      190.054505        0.000000        0.000006
   180      189.196767        0.000000      189.196767        0.000000        0.000007
   181      189.411917        0.000000      189.411917        0.000000        0.000005
   182      189.788398        0.000000      189.788398        0.000000        0.000007
   183      189.312623        0.000000      189.312623        0.000000        0.000004
   184      189.323147        0.000000      189.323147        0.000000        0.000009
   185      189.094581        0.000000      189.094581        0.000000        0.000006
   186      189.567036        0.000000      189.567036        0.000000        0.000006
   187      189.841070        0.000000      189.841070        0.000000        0.000003
   188      188.865162        0.000000      188.865162        0.000000        0.000008
   189      189.123829        0.000000      189.123829        0.000000        0.000006
   190      190.136715        0.000000      190.136715        0.000000        0.000004
   191      188.962748        0.000000      188.962748        0.000000        0.000004
   192      189.966052        0.000000      189.966052        0.000000        0.000004
   193      189.639267        0.000000      189.639267        0.000000        0.000005
   194      190.245578        0.000000      190.245578        0.000000        0.000003
   195      190.237618        0.000000      190.237618        0.000000        0.000008
   196      189.710801        0.000000      189.710801        0.000000        0.000006
   197      190.330321        0.000000      190.330321        0.000000        0.000004
   198      189.465823        0.000000      189.465823        0.000000        0.000005
   199      189.407315        0.000000      189.407315        0.000000        0.000007
   200      189.291234        0.000000      189.291234        0.000000        0.000005
   201      191.111540        0.000000      191.111540        0.000000        0.000005
   202      189.821851        0.000000      189.821851        0.000000        0.000006
   203      189.692094        0.000000      189.692094        0.000000        0.000007
   204      190.472758        0.000000      190.472758        0.000000        0.000005
   205      189.132929        0.000000      189.132929        0.000000        0.000004
   206      188.909078        0.000000      188.909078        0.000000        0.000006
   207      190.190731        0.000000      190.190731        0.000000        0.000006
   208      189.948326        0.000000      189.948326        0.000000        0.000006
   209      189.189860        0.000000      189.189860        0.000000        0.000007
   210      190.099705        0.000000      190.099705        0.000000        0.000006
   211      189.061953        0.000000      189.061953        0.000000        0.000007
   212      188.834400        0.000000      188.834400        0.000000        0.000008
   213      189.623718        0.000000      189.623718        0.000000        0.000004
   214      188.695769        0.000000      188.695769        0.000000        0.000006
   215      189.502860        0.000000      189.502860        0.000000        0.000005
   216      190.321145        0.000000      190.321145        0.000000        0.000004
   217      189.155303        0.000000      189.155303        0.000000        0.000005
   218      189.879010        0.000000      189.879010        0.000000        0.000006
   219      188.921080        0.000000      188.921080        0.000000        0.000007
   220      189.154035        0.000000      189.154035        0.000000        0.000009
   221      189.529230        0.000000      189.529230        0.000000        0.000006
   222      189.476405        0.000000      189.476405        0.000000        0.000003
   223      189.844895        0.000000      189.844895        0.000000        0.000004
   224      189.338059        0.000000      189.338059        0.000000        0.000005
   225      188.660522        0.000000      188.660522        0.000000        0.000006
   226      189.000955        0.000000      189.000955        0.000000        0.000005
   227      189.536169        0.000000      189.536169        0.000000        0.000006
   228      189.429661        0.000000      189.429661        0.000000        0.000006
   229      190.191607        0.000000      190.191607        0.000000        0.000005
   230      188.800571        0.000000      188.800571        0.000000        0.000006
   231      189.507883        0.000000      189.507883        0.000000        0.000005
   232      188.997988        0.000000      188.997988        0.000000        0.000007
   233      189.899650        0.000000      189.899650        0.000000        0.000004
   234      189.493343        0.000000      189.493343        0.000000        0.000006
   235      190.624285        0.000000      190.624285        0.000000        0.000004
   236      189.755189        0.000000      189.755189        0.000000        0.000003
   237      189.737488        0.000000      189.737488        0.000000        0.000005
   238      188.796792        0.000000      188.796792        0.000000        0.000006
   239      189.263604        0.000000      189.263604        0.000000        0.000005
   240      189.310325        0.000000      189.310325        0.000000        0.000008
   241      189.413937        0.000000      189.413937        0.000000        0.000005
   242      189.909363        0.000000      189.909363        0.000000        0.000003
   243      189.702025        0.000000      189.702025        0.000000        0.000005
   244      189.684948        0.000000      189.684948        0.000000        0.000005
   245      189.232819        0.000000      189.232819        0.000000        0.000004
   246      189.613617        0.023067      212.680702        0.000000        0.000010
   247      190.379456        0.000000      190.379456        0.000000        0.000004
   248      188.850055        0.000000      188.850055        0.000000        0.000007
   249      189.044606        0.000000      189.044606        0.000000        0.000005
   250      189.504028        0.000000      189.504028        0.000000        0.000008
   251      189.935900        0.000000      189.935900        0.000000        0.000005
   252      189.690795        0.000000      189.690795        0.000000        0.000003
   253      190.619687        0.000000      190.619687        0.000000        0.000003
   254      189.577520        0.000000      189.577520        0.000000        0.000003
   255      188.936892        0.000000      188.936892        0.000000        0.000006
   256      190.632095        0.000000      190.632095        0.000000        0.000005
   257      190.072010        0.000000      190.072010        0.000000        0.000004
   258      190.985198        0.000000      190.985198        0.000000        0.000006
   259      190.034158        0.000000      190.034158        0.000000        0.000003
   260      189.865801        0.000000      189.865801        0.000000        0.000006
   261      188.961430        0.000000      188.961430        0.000000        0.000003
   262      188.780391        0.000000      188.780391        0.000000        0.000007
   263      189.818723        0.000000      189.818723        0.000000        0.000006
   264      189.592800        0.000000      189.592800        0.000000        0.000009
   265      189.840732        0.000000      189.840732        0.000000        0.000007
   266      188.937803        0.000000      188.937803        0.000000        0.000006
   267      189.937798        0.000000      189.937798        0.000000        0.000005
   268      189.655606        0.000000      189.655606        0.000000        0.000006
   269      189.778694        0.000000      189.778694        0.000000        0.000005
   270      189.456045        0.000000      189.456045        0.000000        0.000004
   271      189.368741        0.000000      189.368741        0.000000        0.000008
   272      189.758003        0.000000      189.758003        0.000000        0.000004
   273      189.335182        0.000000      189.335182        0.000000        0.000008
   274      189.383067        0.000000      189.383067        0.000000        0.000008
   275      190.156037        0.000000      190.156037        0.000000        0.000006
   276      189.024859        0.000000      189.024859        0.000000        0.000005
   277      189.478673        0.000000      189.478673        0.000000        0.000004
   278      189.727922        0.000000      189.727922        0.000000        0.000004
   279      189.083423        0.000000      189.083423        0.000000        0.000004
   280      189.530390        0.000000      189.530390        0.000000        0.000007
   281      189.714323        0.000000      189.714323        0.000000        0.000004
   282      189.654067        0.000000      189.654067        0.000000        0.000004
   283      189.579485        0.000000      189.579485        0.000000        0.000005
   284      189.201575        0.000000      189.201575        0.000000        0.000003
   285      189.506990        0.000000      189.506990        0.000000        0.000004
   286      189.948007        0.000000      189.948007        0.000000        0.000005
   287      190.154446        0.000000      190.154446        0.000000        0.000005
   288      189.279339        0.000000      189.279339        0.000000        0.000005
   289      189.226957        0.000000      189.226957        0.000000        0.000006
   290      189.452889        0.000000      189.452889        0.000000        0.000004
   291      189.703417        0.000000      189.703417        0.000000        0.000004
   292      189.178561        0.000000      189.178561        0.000000        0.000008
   293      189.704189        0.000000      189.704189        0.000000        0.000007
   294      189.027286        0.000000      189.027286        0.000000        0.000008
   295      189.061993        0.000000      189.061993        0.000000        0.000005
   296      189.954822        0.000000      189.954822        0.000000        0.000008
   297      189.908802        0.000000      189.908802        0.000000        0.000004
   298      189.359356        0.000000      189.359356        0.000000        0.000006
   299      190.200862        0.000000      190.200862        0.000000        0.000004
   300      190.652266        0.000000      190.652266        0.000000        0.000004
   301      188.989566        0.000000      188.989566        0.000000        0.000005
   302      189.952416        0.000000      189.952416        0.000000        0.000005
   303      189.121713        0.000000      189.121713        0.000000        0.000009
   304      189.545759        0.000000      189.545759        0.000000        0.000005
   305      189.766831        0.000000      189.766831        0.000000        0.000004
   306      189.952293        0.000000      189.952293        0.000000        0.000007
   307      189.774184        0.000000      189.774184        0.000000        0.000004
   308      189.296078        0.000000      189.296078        0.000000        0.000006
   309      190.374292        0.000000      190.374292        0.000000        0.000005
   310      190.287438        0.000000      190.287438        0.000000        0.000004
   311      189.563581        0.000000      189.563581        0.000000        0.000004
   312      188.449360        0.000000      188.449360        0.000000        0.000009
   313      189.200938        0.000000      189.200938        0.000000        0.000007
   314      191.014524        0.000000      191.014524        0.000000        0.000003
   315      189.554114        0.000000      189.554114        0.000000        0.000004
   316      189.034058        0.126490      315.524337        0.000000        0.000011
   317      190.049408        0.000000      190.049408        0.000000        0.000003
   318      189.949314        0.000000      189.949314        0.000000        0.000003
   319      189.614295        0.000000      189.614295        0.000000        0.000006
   320      188.958765        0.000000      188.958765        0.000000        0.000008
   321      189.995633        0.000000      189.995633        0.000000        0.000005
   322      189.264232        0.000000      189.264232        0.000000        0.000006
   323      188.598587        0.000000      188.598587        0.000000        0.000007
   324      189.328651        0.000000      189.328651        0.000000        0.000005
   325      190.148226        0.000000      190.148226        0.000000        0.000006
   326      189.121931        0.000000      189.121931        0.000000        0.000008
   327      189.038404        0.000000      189.038404        0.000000        0.000005
   328      189.791273        0.000000      189.791273        0.000000        0.000007
   329      189.831641        0.000000      189.831641        0.000000        0.000004
   330      189.225499        0.000000      189.225499        0.000000        0.000004
   331      188.792182        0.000000      188.792182        0.000000        0.000010
   332      189.031190        0.000000      189.031190        0.000000        0.000005
   333      189.552645        0.000000      189.552645        0.000000        0.000006
   334      188.969205        0.000000      188.969205        0.000000        0.000007
   335      190.090220        0.000000      190.090220        0.000000        0.000007
   336      189.966621        0.000000      189.966621        0.000000        0.000006
   337      189.346371        0.000000      189.346371        0.000000        0.000004
   338      189.629815        0.000000      189.629815        0.000000        0.000006
   339      189.997467        0.000000      189.997467        0.000000        0.000005
   340      188.760992        0.000000      188.760992        0.000000        0.000008
   341      189.563017        0.000000      189.563017        0.000000        0.000006
   342      189.793203        0.000000      189.793203        0.000000        0.000006
   343      189.761622        0.000000      189.761622        0.000000        0.000005
   344      189.100285        0.074046      263.146578        0.000000        0.000011
   345      189.024552        0.000000      189.024552        0.000000        0.000005
   346      189.301245        0.000000      189.301245        0.000000        0.000005
   347      189.703464        0.000000      189.703464        0.000000        0.000005
   348      190.464188        0.000000      190.464188        0.000000        0.000005
   349      189.943065        0.000000      189.943065        0.000000        0.000004
   350      189.557621        0.000000      189.557621        0.000000        0.000006
   351      188.397688        0.000000      188.397688        0.000000        0.000007
   352      190.424463        0.000000      190.424463        0.000000        0.000004
   353      190.749625        0.000000      190.749625        0.000000        0.000004
   354      189.242431        0.000000      189.242431        0.000000        0.000008
   355      189.825957        0.000000      189.825957        0.000000        0.000003
   356      189.441722        0.000000      189.441722        0.000000        0.000005
   357      189.352941        0.000000      189.352941        0.000000        0.000005
   358      189.828387        0.000000      189.828387        0.000000        0.000006
   359      189.211762        0.000000      189.211762        0.000000        0.000005
   360      190.150938        0.000000      190.150938        0.000000        0.000005
   361      189.669607        0.000000      189.669607        0.000000        0.000005
   362      188.991202        0.000000      188.991202        0.000000        0.000005
   363      189.448827        0.000000      189.448827        0.000000        0.000003
   364      189.291746        0.000000      189.291746        0.000000        0.000005
   365      189.687078        0.000000      189.687078        0.000000        0.000008
   366      190.125120        0.000000      190.125120        0.000000        0.000005
   367      189.252568        0.000000      189.252568        0.000000        0.000005
   368      189.715212        0.000000      189.715212        0.000000        0.000007
   369      190.581130        0.000000      190.581130        0.000000        0.000008
   370      189.556908        0.000000      189.556908        0.000000        0.000005
   371      188.564690        0.000000      188.564690        0.000000        0.000007
   372      189.151731        0.000000      189.151731        0.000000        0.000006
   373      189.310530        0.000000      189.310530        0.000000        0.000007
   374      190.770652        0.000000      190.770652        0.000000        0.000003
   375      189.317258        0.131942      321.259645        0.000000        0.000011
   376      189.592519        0.000000      189.592519        0.000000        0.000005
   377      189.409420        0.000000      189.409420        0.000000        0.000004
   378      190.023263        0.000000      190.023263        0.000000        0.000007
   379      189.557634        0.000000      189.557634        0.000000        0.000006
   380      189.439251        0.000000      189.439251        0.000000        0.000005
   381      190.150310        0.000000      190.150310        0.000000        0.000004
   382      189.554179        0.000000      189.554179        0.000000        0.000003
   383      188.756682        0.242429      431.185420        0.000000        0.000012
   384      189.219615        0.000000      189.219615        0.000000        0.000005
   385      189.410220        0.000000      189.410220        0.000000        0.000008
   386      189.714027        0.000000      189.714027        0.000000        0.000005
   387      189.192781        0.000000      189.192781        0.000000        0.000006
   388      189.955546        0.000000      189.955546        0.000000        0.000006
   389      189.803531        0.000000      189.803531        0.000000        0.000006
   390      189.187558        0.000000      189.187558        0.000000        0.000005
   391      190.390457        0.000000      190.390457        0.000000        0.000002
   392      190.752865        0.000000      190.752865        0.000000        0.000004
   393      190.142645        0.000000      190.142645        0.000000        0.000007
   394      188.978025        0.000000      188.978025        0.000000        0.000009
   395      189.222133        0.000000      189.222133        0.000000        0.000006
   396      190.093032        0.000000      190.093032        0.000000        0.000007
   397      188.581770        0.000000      188.581770        0.000000        0.000006
   398      189.268605        0.000000      189.268605        0.000000        0.000007
   399      189.573166        0.000000      189.573166        0.000000        0.000005
   400      189.900015        0.000000      189.900015        0.000000        0.000005
   401      190.088372        0.000000      190.088372        0.000000        0.000006
   402      188.976118        0.000000      188.976118        0.000000        0.000006
   403      188.704977        0.000000      188.704977        0.000000        0.000006
   404      188.786680        0.000000      188.786680        0.000000        0.000007
   405      189.674331        0.000000      189.674331        0.000000        0.000008
   406      189.713222        0.000000      189.713222        0.000000        0.000005
   407      189.535089        0.000000      189.535089        0.000000        0.000003
   408      189.748035        0.000000      189.748035        0.000000        0.000003
   409      189.674583        0.000000      189.674583        0.000000        0.000005
   410      189.417379        0.000000      189.417379        0.000000        0.000005
   411      190.242455        0.000000      190.242455        0.000000        0.000005
   412      189.375836        0.000000      189.375836        0.000000        0.000006
   413      190.294089        0.000000      190.294089        0.000000        0.000005
   414      189.412387        0.000000      189.412387        0.000000        0.000005
   415      189.445566        0.000000      189.445566        0.000000        0.000006
   416      189.428515        0.000000      189.428515        0.000000        0.000005
   417      189.589022        0.000000      189.589022        0.000000        0.000005
   418      190.059461        0.000000      190.059461        0.000000        0.000007
   419      189.041123        0.000000      189.041123        0.000000        0.000004
   420      189.292485        0.000000      189.292485        0.000000        0.000004
   421      190.393478        0.000000      190.393478        0.000000        0.000006
   422      189.263400        0.000000      189.263400        0.000000        0.000007
   423      188.942406        0.000000      188.942406        0.000000        0.000005
   424      189.667637        0.000000      189.667637        0.000000        0.000004
   425      190.102478        0.000000      190.102478        0.000000        0.000004
   426      189.720125        0.000000      189.720125        0.000000        0.000003
   427      189.055351        0.000000      189.055351        0.000000        0.000007
   428      188.965836        0.000000      188.965836        0.000000        0.000006
   429      189.895703        0.000000      189.895703        0.000000        0.000004
   430      189.986747        0.000000      189.986747        0.000000        0.000005
   431      189.094331        0.000000      189.094331        0.000000        0.000005
   432      189.388130        0.000000      189.388130        0.000000        0.000006
   433      189.864896        0.000000      189.864896        0.000000        0.000007
   434      189.964222        0.000000      189.964222        0.000000        0.000005
   435      189.606861        0.000000      189.606861        0.000000        0.000004
   436      189.135927        0.000000      189.135927        0.000000        0.000004
   437      189.106494        0.000000      189.106494        0.000000        0.000003
   438      189.327350        0.045488      234.815377        0.000000        0.000010
   439      190.468781        0.000000      190.468781        0.000000        0.000006
   440      189.477360        0.000000      189.477360        0.000000        0.000006
   441      189.338067        0.000000      189.338067        0.000000        0.000008
   442      188.595494        0.000000      188.595494        0.000000        0.000006
   443      189.878188        0.000000      189.878188        0.000000        0.000006
   444      189.885901        0.000000      189.885901        0.000000        0.000006
   445      189.902690        0.000000      189.902690        0.000000        0.000006
   446      189.767674        0.000000      189.767674        0.000000        0.000003
   447      189.001252        0.000000      189.001252        0.000000        0.000008
   448      190.671942        0.000000      190.671942        0.000000        0.000005
   449      189.231812        0.000000      189.231812        0.000000        0.000005
   450      189.872539        0.000000      189.872539        0.000000        0.000008
   451      190.084990        0.000000      190.084990        0.000000        0.000007
   452      189.247817        0.000000      189.247817        0.000000        0.000007
   453      189.688588        0.000000      189.688588        0.000000        0.000008
   454      189.310984        0.000000      189.310984        0.000000        0.000004
   455      189.873078        0.000000      189.873078        0.000000        0.000009
   456      189.939990        0.000000      189.939990        0.000000        0.000006
   457      188.845848        0.000000      188.845848        0.000000        0.000006
   458      189.686864        0.000000      189.686864        0.000000        0.000004
   459      189.844275        0.000000      189.844275        0.000000        0.000004
   460      190.594535        0.000000      190.594535        0.000000        0.000004
   461      189.078779        0.000000      189.078779        0.000000        0.000008
   462      188.804377        0.000000      188.804377        0.000000        0.000005
   463      189.085206        0.000000      189.085206        0.000000        0.000007
   464      189.024312        0.000000      189.024312        0.000000        0.000006
   465      189.578944        0.000000      189.578944        0.000000        0.000003
   466      189.181929        0.000000      189.181929        0.000000        0.000005
   467      189.941105        0.000000      189.941105        0.000000        0.000003
   468      189.811514        0.000000      189.811514        0.000000        0.000005
   469      189.618097        0.000000      189.618097        0.000000        0.000006
   470      189.209691        0.000000      189.209691        0.000000        0.000008
   471      188.593085        0.000000      188.593085        0.000000        0.000007
   472      188.483384        0.000000      188.483384        0.000000        0.000004
   473      189.489459        0.000000      189.489459        0.000000        0.000005
   474      189.526738        0.000000      189.526738        0.000000        0.000003
   475      189.871435        0.000000      189.871435        0.000000        0.000006
   476      189.818260        0.000000      189.818260        0.000000        0.000005
   477      189.070137        0.000000      189.070137        0.000000        0.000006
   478      189.221014        0.000000      189.221014        0.000000        0.000007
   479      189.543949        0.000000      189.543949        0.000000        0.000005
   480      190.144100        0.000000      190.144100        0.000000        0.000004
   481      189.443609        0.000000      189.443609        0.000000        0.000003
   482      188.898028        0.000000      188.898028        0.000000        0.000008
   483      188.733445        0.000000      188.733445        0.000000        0.000005
   484      189.959270        0.000000      189.959270        0.000000        0.000005
   485      188.912085        0.000000      188.912085        0.000000        0.000007
   486      189.856517        0.000000      189.856517        0.000000        0.000005
   487      189.841947        0.000000      189.841947        0.000000        0.000004
   488      190.781774        0.000000      190.781774        0.000000        0.000003
   489      189.434385        0.000000      189.434385        0.000000        0.000007
   490      189.485043        0.000000      189.485043        0.000000        0.000006
   491      189.973652        0.000000      189.973652        0.000000        0.000005
   492      190.011374        0.000000      190.011374        0.000000        0.000005
   493      189.276585        0.000000      189.276585        0.000000        0.000005
   494      189.195629        0.000000      189.195629        0.000000        0.000007
   495      188.598109        0.000000      188.598109        0.000000        0.000006
   496      189.986520        0.000000      189.986520        0.000000        0.000003
   497      191.334044        0.000000      191.334044        0.000000        0.000003
   498      188.925578        0.000000      188.925578        0.000000        0.000007
   499      189.707106        0.000000      189.707106        0.000000        0.000007
   500      189.329103        0.000000      189.329103        0.000000        0.000005
   501      189.769059        0.000000      189.769059        0.000000        0.000004
   502      188.836694        0.000000      188.836694        0.000000        0.000007
   503      190.485703        0.000000      190.485703        0.000000        0.000005
   504      189.083258        0.000000      189.083258        0.000000        0.000007
   505      190.204615        0.000000      190.204615        0.000000        0.000005
   506      189.547292        0.000000      189.547292        0.000000        0.000006
   507      189.078175        0.000000      189.078175        0.000000        0.000005
   508      189.178135        0.000000      189.178135        0.000000        0.000007
   509      189.349956        0.000000      189.349956        0.000000        0.000006
   510      189.937462        0.000000      189.937462        0.000000        0.000005
   511      188.910278        0.000000      188.910278        0.000000        0.000007
   512      189.332492        0.000000      189.332492        0.000000        0.000007
   513      189.394267        0.000000      189.394267        0.000000        0.000003
   514      190.464766        0.000000      190.464766        0.000000        0.000004
   515      189.096829        0.000000      189.096829        0.000000        0.000006
   516      189.760118        0.000000      189.760118        0.000000        0.000006
   517      190.490753        0.000000      190.490753        0.000000        0.000004
   518      190.720986        0.000000      190.720986        0.000000        0.000007
   519      190.251036        0.000000      190.251036        0.000000        0.000004
   520      189.033315        0.000000      189.033315        0.000000        0.000006
   521      189.752592        0.000000      189.752592        0.000000        0.000004
   522      188.619313        0.000000      188.619313        0.000000        0.000007
   523      190.074862        0.000000      190.074862        0.000000        0.000003
   524      189.721385        0.000000      189.721385        0.000000        0.000005
   525      189.775167        0.000000      189.775167        0.000000        0.000005
   526      189.645274        0.000000      189.645274        0.000000        0.000008
   527      188.825492        0.000000      188.825492        0.000000        0.000007
   528      189.768465        0.000000      189.768465        0.000000        0.000007
   529      189.742273        0.000000      189.742273        0.000000        0.000007
   530      189.710481        0.000000      189.710481        0.000000        0.000004
   531      189.972493        0.000000      189.972493        0.000000        0.000005
   532      189.266315        0.000000      189.266315        0.000000        0.000008
   533      189.345749        0.000000      189.345749        0.000000        0.000004
   534      189.493238        0.000000      189.493238        0.000000        0.000003
   535      189.760101        0.000000      189.760101        0.000000        0.000003
   536      189.606510        0.000000      189.606510        0.000000        0.000005
   537      189.355286        0.000000      189.355286        0.000000        0.000008
   538      190.134893        0.000000      190.134893        0.000000        0.000006
   539      189.969141        0.000000      189.969141        0.000000        0.000005
   540      188.920990        0.000000      188.920990        0.000000        0.000006
   541      188.912546        0.000000      188.912546        0.000000        0.000009
   542      190.338956        0.000000      190.338956        0.000000        0.000003
   543      190.131600        0.000000      190.131600        0.000000        0.000007
   544      189.720714        0.000000      189.720714        0.000000        0.000007
   545      189.436384        0.000000      189.436384        0.000000        0.000008
   546      189.184142        0.000000      189.184142        0.000000        0.000009
   547      188.914007        0.000000      188.914007        0.000000        0.000010
   548      189.133554        0.000000      189.133554        0.000000        0.000003
   549      189.247576        0.000000      189.247576        0.000000        0.000004
   550      189.603310        0.000000      189.603310        0.000000        0.000005
   551      189.278703        0.000000      189.278703        0.000000        0.000005
   552      189.167369        0.000000      189.167369        0.000000        0.000004
   553      189.734892        0.000000      189.734892        0.000000        0.000005
   554      189.638437        0.000000      189.638437        0.000000        0.000007
   555      189.736744        0.000000      189.736744        0.000000        0.000004
   556      190.216517        0.000000      190.216517        0.000000        0.000007
   557      189.693775        0.000000      189.693775        0.000000        0.000005
   558      189.596180        0.000000      189.596180        0.000000        0.000005
   559      189.041983        0.000000      189.041983        0.000000        0.000004
   560      189.223785        0.000000      189.223785        0.000000        0.000005
   561      190.441776        0.000000      190.441776        0.000000        0.000003
   562      189.274093        0.000000      189.274093        0.000000        0.000004
   563      189.238585        0.000000      189.238585        0.000000        0.000010
   564      189.793649        0.000000      189.793649        0.000000        0.000004
   565      189.335301        0.000000      189.335301        0.000000        0.000004
   566      190.130677        0.000000      190.130677        0.000000        0.000004
   567      190.208356        0.000000      190.208356        0.000000        0.000004
   568      190.054533        0.000000      190.054533        0.000000        0.000006
   569      189.644478        0.000000      189.644478        0.000000        0.000006
   570      190.433207        0.000000      190.433207        0.000000        0.000004
   571      189.590957        0.000000      189.590957        0.000000        0.000006
   572      190.383200        0.000000      190.383200        0.000000        0.000004
   573      190.450739        0.000000      190.450739        0.000000        0.000003
   574      189.369374        0.000000      189.369374        0.000000        0.000007
   575      189.202121        0.000000      189.202121        0.000000        0.000008
   576      189.195880        0.000000      189.195880        0.000000        0.000007
   577      188.780118        0.228988      417.768369        0.000000        0.000012
   578      190.028430        0.000000      190.028430        0.000000        0.000004
   579      189.028698        0.000000      189.028698        0.000000        0.000009
   580      189.204833        0.000000      189.204833        0.000000        0.000006
   581      189.684689        0.000000      189.684689        0.000000        0.000006
   582      189.980860        0.000000      189.980860        0.000000        0.000005
   583      189.964945        0.000000      189.964945        0.000000        0.000005
   584      188.803902        0.249660      438.463643        0.000000        0.000012
   585      190.011493        0.000000      190.011493        0.000000        0.000005
   586      190.109316        0.000000      190.109316        0.000000        0.000006
   587      189.999344        0.000000      189.999344        0.000000        0.000006
   588      189.481295        0.000000      189.481295        0.000000        0.000007
   589      190.069848        0.000000      190.069848        0.000000        0.000004
   590      189.840912        0.000000      189.840912        0.000000        0.000006
   591      189.895543        0.000000      189.895543        0.000000        0.000005
   592      189.549739        0.000000      189.549739        0.000000        0.000006
   593      188.973798        0.000000      188.973798        0.000000        0.000004
   594      190.873317        0.000000      190.873317        0.000000        0.000005
   595      189.145097        0.000000      189.145097        0.000000        0.000009
   596      189.902709        0.000000      189.902709        0.000000        0.000006
   597      189.530110        0.000000      189.530110        0.000000        0.000004
   598      189.087430        0.000000      189.087430        0.000000        0.000004
   599      190.009985        0.000000      190.009985        0.000000        0.000005
   600      189.531623        0.000000      189.531623        0.000000        0.000004
   601      188.720832        0.000000      188.720832        0.000000        0.000003
   602      189.383886        0.000000      189.383886        0.000000        0.000006
   603      189.628968        0.000000      189.628968        0.000000        0.000005
   604      189.238944        0.000000      189.238944        0.000000        0.000003
   605      190.178126        0.000000      190.178126        0.000000        0.000003
   606      190.338749        0.000000      190.338749        0.000000        0.000004
   607      189.326602        0.000000      189.326602        0.000000        0.000010
   608      190.646911        0.000000      190.646911        0.000000        0.000004
   609      189.360594        0.000000      189.360594        0.000000        0.000005
   610      189.257931        0.000000      189.257931        0.000000        0.000008
   611      188.869664        0.000000      188.869664        0.000000        0.000006
   612      190.078724        0.000000      190.078724        0.000000        0.000006
   613      188.962302        0.000000      188.962302        0.000000        0.000007
   614      189.613234        0.000000      189.613234        0.000000        0.000009
   615      189.938521        0.000000      189.938521        0.000000        0.000004
   616      189.253620        0.000000      189.253620        0.000000        0.000007
   617      189.953673        0.000000      189.953673        0.000000        0.000004
   618      189.085619        0.000000      189.085619        0.000000        0.000005
   619      189.239046        0.000000      189.239046        0.000000        0.000007
   620      189.827794        0.000000      189.827794        0.000000        0.000007
   621      189.159427        0.000000      189.159427        0.000000        0.000006
   622      189.759818        0.000000      189.759818        0.000000        0.000005
   623      189.665089        0.000000      189.665089        0.000000        0.000004
   624      189.521818        0.000000      189.521818        0.000000        0.000006
   625      188.472066        0.000000      188.472066        0.000000        0.000007
   626      189.619150        0.000000      189.619150        0.000000        0.000009
   627      188.777467        0.000000      188.777467        0.000000        0.000005
   628      189.323045        0.000000      189.323045        0.000000        0.000005
   629      190.183359        0.000000      190.183359        0.000000        0.000004
   630      190.220166        0.000000      190.220166        0.000000        0.000005
   631      188.956520        0.000000      188.956520        0.000000        0.000007
   632      188.563019        0.000000      188.563019        0.000000        0.000006
   633      189.788605        0.000000      189.788605        0.000000        0.000003
   634      189.916452        0.000000      189.916452        0.000000        0.000004
   635      189.558230        0.000000      189.558230        0.000000        0.000004
   636      189.492999        0.000000      189.492999        0.000000        0.000006
   637      189.460203        0.000000      189.460203        0.000000        0.000006
   638      189.126200        0.000000      189.126200        0.000000        0.000007
   639      190.704558        0.000000      190.704558        0.000000        0.000004
   640      190.254617        0.000000      190.254617        0.000000        0.000006
   641      189.114146        0.000000      189.114146        0.000000        0.000004
   642      189.461333        0.000000      189.461333        0.000000        0.000005
   643      189.569519        0.000000      189.569519        0.000000        0.000007
   644      190.267204        0.000000      190.267204        0.000000        0.000005
   645      189.094902        0.000000      189.094902        0.000000        0.000005
   646      190.092091        0.000000      190.092091        0.000000        0.000008
   647      189.808075        0.000000      189.808075        0.000000        0.000005
   648      188.981581        0.000000      188.981581        0.000000        0.000006
   649      190.972945        0.000000      190.972945        0.000000        0.000004
   650      189.353353        0.000000      189.353353        0.000000        0.000008
   651      189.728338        0.000000      189.728338        0.000000        0.000006
   652      189.094685        0.000000      189.094685        0.000000        0.000006
   653      190.312974        0.000000      190.312974        0.000000        0.000005
   654      189.606483        0.000000      189.606483        0.000000        0.000008
   655      189.282400        0.000000      189.282400        0.000000        0.000008
   656      190.426053        0.000000      190.426053        0.000000        0.000004
   657      189.836150        0.000000      189.836150        0.000000        0.000004
   658      188.907270        0.000000      188.907270        0.000000        0.000006
   659      189.101656        0.000000      189.101656        0.000000        0.000005
   660      189.604605        0.000000      189.604605        0.000000        0.000008
   661      189.680895        0.000000      189.680895        0.000000        0.000004
   662      189.444027        0.000000      189.444027        0.000000        0.000008
   663      190.238165        0.000000      190.238165        0.000000        0.000005
   664      189.142743        0.000000      189.142743        0.000000        0.000006
   665      189.371432        0.000000      189.371432        0.000000        0.000006
   666      189.330776        0.000000      189.330776        0.000000        0.000005
   667      189.487753        0.000000      189.487753        0.000000        0.000003
   668      190.227841        0.000000      190.227841        0.000000        0.000005
   669      190.189945        0.000000      190.189945        0.000000        0.000003
   670      189.351828        0.000000      189.351828        0.000000        0.000006
   671      189.535028        0.000000      189.535028        0.000000        0.000009
   672      189.774199        0.000000      189.774199        0.000000        0.000004
   673      189.998732        0.000000      189.998732        0.000000        0.000006
   674      190.595068        0.000000      190.595068        0.000000        0.000003
   675      189.283382        0.000000      189.283382        0.000000        0.000006
   676      188.795003        0.000000      188.795003        0.000000        0.000009
   677      188.814456        0.000000      188.814456        0.000000        0.000008
   678      189.704253        0.000000      189.704253        0.000000        0.000009
   679      189.233201        0.000000      189.233201        0.000000        0.000003
   680      190.385445        0.000000      190.385445        0.000000        0.000003
   681      189.393362        0.000000      189.393362        0.000000        0.000006
   682      189.782350        0.000000      189.782350        0.000000        0.000007
   683      190.122670        0.000000      190.122670        0.000000        0.000003
   684      189.312255        0.000000      189.312255        0.000000        0.000005
   685      189.090322        0.000000      189.090322        0.000000        0.000007
   686      190.501675        0.000000      190.501675        0.000000        0.000005
   687      189.445965        0.000000      189.445965        0.000000        0.000008
   688      190.386052        0.000000      190.386052        0.000000        0.000006
   689      189.173071        0.000000      189.173071        0.000000        0.000005
   690      189.615536        0.000000      189.615536        0.000000        0.000004
   691      190.549792        0.000000      190.549792        0.000000        0.000003
   692      189.623398        0.000000      189.623398        0.000000        0.000006
   693      190.220119        0.000000      190.220119        0.000000        0.000006
   694      189.185194        0.000000      189.185194        0.000000        0.000009
   695      189.209361        0.000000      189.209361        0.000000        0.000005
   696      189.422812        0.000000      189.422812        0.000000        0.000006
   697      190.140537        0.000000      190.140537        0.000000        0.000006
   698      189.230731        0.000000      189.230731        0.000000        0.000007
   699      189.553759        0.000000      189.553759        0.000000        0.000005
   700      189.767178        0.000000      189.767178        0.000000        0.000006
   701      190.291047        0.000000      190.291047        0.000000        0.000006
   702      189.857219        0.000000      189.857219        0.000000        0.000004
   703      189.083096        0.000000      189.083096        0.000000        0.000005
   704      189.746698        0.000000      189.746698        0.000000        0.000004
   705      189.283972        0.000000      189.283972        0.000000        0.000007
   706      189.897874        0.000000      189.897874        0.000000        0.000005
   707      189.057245        0.000000      189.057245        0.000000        0.000005
   708      189.476640        0.000000      189.476640        0.000000        0.000007
   709      189.280582        0.000000      189.280582        0.000000        0.000007
   710      189.895458        0.000000      189.895458        0.000000        0.000008
   711      190.036463        0.000000      190.036463        0.000000        0.000004
   712      190.218732        0.000000      190.218732        0.000000        0.000005
   713      190.151338        0.000000      190.151338        0.000000        0.000004
   714      189.877089        0.000000      189.877089        0.000000        0.000006
   715      188.864473        0.000000      188.864473        0.000000        0.000009
   716      188.799270        0.000000      188.799270        0.000000        0.000006
   717      191.015180        0.000000      191.015180        0.000000        0.000006
   718      189.567730        0.000000      189.567730        0.000000        0.000005
   719      190.479958        0.000000      190.479958        0.000000        0.000006
   720      189.430143        0.000000      189.430143        0.000000        0.000008
   721      188.835802        0.000000      188.835802        0.000000        0.000008
   722      189.913465        0.000000      189.913465        0.000000        0.000004
   723      189.788948        0.000000      189.788948        0.000000        0.000005
   724      190.266340        0.000000      190.266340        0.000000        0.000005
   725      190.075143        0.000000      190.075143        0.000000        0.000006
   726      189.976053        0.000000      189.976053        0.000000        0.000005
   727      189.747398        0.000000      189.747398        0.000000        0.000007
   728      188.949171        0.000000      188.949171        0.000000        0.000007
   729      189.264785        0.000000      189.264785        0.000000        0.000005
   730      189.301778        0.000000      189.301778        0.000000        0.000009
   731      189.214371        0.000000      189.214371        0.000000        0.000008
   732      190.046671        0.000000      190.046671        0.000000        0.000006
   733      190.140991        0.000000      190.140991        0.000000        0.000005
   734      189.832396        0.000000      189.832396        0.000000        0.000006
   735      189.523649        0.000000      189.523649        0.000000        0.000007
   736      189.037796        0.000000      189.037796        0.000000        0.000007
   737      189.562997        0.000000      189.562997        0.000000        0.000004
   738      189.965680        0.000000      189.965680        0.000000        0.000005
   739      189.010724        0.000000      189.010724        0.000000        0.000005
   740      190.021499        0.000000      190.021499        0.000000        0.000004
   741      188.749164        0.000000      188.749164        0.000000        0.000009
   742      189.221495        0.000000      189.221495        0.000000        0.000007
   743      188.963129        0.000000      188.963129        0.000000        0.000006
   744      189.992692        0.000000      189.992692        0.000000        0.000003
   745      189.926440        0.000000      189.926440        0.000000        0.000005
   746      190.406562        0.000000      190.406562        0.000000        0.000005
   747      189.016643        0.000000      189.016643        0.000000        0.000007
   748      189.670936        0.000000      189.670936        0.000000        0.000004
   749      189.926316        0.000000      189.926316        0.000000        0.000007
   750      188.964520        0.000000      188.964520        0.000000        0.000005
   751      189.089743        0.000000      189.089743        0.000000        0.000007
   752      188.954492        0.000000      188.954492        0.000000        0.000004
   753      189.722712        0.000000      189.722712        0.000000        0.000006
   754      190.124870        0.000000      190.124870        0.000000        0.000003
   755      188.016447        0.004527      192.543575        0.000000        0.000010
   756      190.220951        0.000000      190.220951        0.000000        0.000006
   757      190.018792        0.000000      190.018792        0.000000        0.000005
   758      190.021957        0.000000      190.021957        0.000000        0.000007
   759      188.814905        0.000000      188.814905        0.000000        0.000006
   760      190.355233        0.000000      190.355233        0.000000        0.000004
   761      189.103151        0.000000      189.103151        0.000000        0.000005
   762      189.228972        0.000000      189.228972        0.000000        0.000006
   763      189.803023        0.000000      189.803023        0.000000        0.000005
   764      190.629855        0.000000      190.629855        0.000000        0.000006
   765      190.862914        0.000000      190.862914        0.000000        0.000004
   766      189.037801        0.000000      189.037801        0.000000        0.000006
   767      189.756191        0.000000      189.756191        0.000000        0.000004
   768      189.440929        0.000000      189.440929        0.000000        0.000005
   769      189.560311        0.000000      189.560311        0.000000        0.000007
   770      189.600817        0.000000      189.600817        0.000000        0.000004
   771      188.925024        0.000000      188.925024        0.000000        0.000007
   772      189.632604        0.000000      189.632604        0.000000        0.000006
   773      189.923073        0.000000      189.923073        0.000000        0.000005
   774      189.704130        0.000000      189.704130        0.000000        0.000007
   775      189.260145        0.000000      189.260145        0.000000        0.000006
   776      189.421362        0.000000      189.421362        0.000000        0.000005
   777      189.317332        0.000000      189.317332        0.000000        0.000007
   778      189.635772        0.000000      189.635772        0.000000        0.000008
   779      189.903578        0.000000      189.903578        0.000000        0.000004
   780      190.089580        0.000000      190.089580        0.000000        0.000009
   781      189.353721        0.000000      189.353721        0.000000        0.000004
   782      188.892599        0.000000      188.892599        0.000000        0.000005
   783      189.646359        0.000000      189.646359        0.000000        0.000005
   784      190.458911        0.000000      190.458911        0.000000        0.000004
   785      190.839631        0.000000      190.839631        0.000000        0.000003
   786      189.989549        0.000000      189.989549        0.000000        0.000004
   787      190.117649        0.000000      190.117649        0.000000        0.000005
   788      189.985150        0.000000      189.985150        0.000000        0.000008
   789      190.510244        0.000000      190.510244        0.000000        0.000006
   790      189.944764        0.000000      189.944764        0.000000        0.000007
   791      189.740415        0.000000      189.740415        0.000000        0.000004
   792      189.727569        0.000000      189.727569        0.000000        0.000005
   793      189.971601        0.000000      189.971601        0.000000        0.000003
   794      189.702808        0.000000      189.702808        0.000000        0.000009
   795      189.059885        0.000000      189.059885        0.000000        0.000006
   796      189.402383        0.000000      189.402383        0.000000        0.000005
   797      189.745829        0.000000      189.745829        0.000000        0.000006
   798      188.886132        0.000000      188.886132        0.000000        0.000009
   799      189.418200        0.000000      189.418200        0.000000        0.000005
   800      189.215209        0.000000      189.215209        0.000000        0.000006
   801      189.790819        0.000000      189.790819        0.000000        0.000007
   802      189.232128        0.000000      189.232128        0.000000        0.000003
   803      189.373885        0.000000      189.373885        0.000000        0.000008
   804      189.458498        0.000000      189.458498        0.000000        0.000006
   805      189.975151        0.000000      189.975151        0.000000        0.000005
   806      189.091069        0.000000      189.091069        0.000000        0.000005
   807      189.376089        0.000000      189.376089        0.000000        0.000006
   808      190.158945        0.000000      190.158945        0.000000        0.000004
   809      189.768157        0.000000      189.768157        0.000000        0.000005
   810      188.583490        0.000000      188.583490        0.000000        0.000007
   811      189.808056        0.000000      189.808056        0.000000        0.000006
   812      189.714132        0.000000      189.714132        0.000000        0.000004
   813      189.305918        0.000000      189.305918        0.000000        0.000008
   814      189.496349        0.000000      189.496349        0.000000        0.000006
   815      189.047850        0.000000      189.047850        0.000000        0.000007
   816      189.282246        0.000000      189.282246        0.000000        0.000009
   817      189.744656        0.000000      189.744656        0.000000        0.000003
   818      190.210373        0.000000      190.210373        0.000000        0.000004
   819      189.484505        0.000000      189.484505        0.000000        0.000005
   820      188.928899        0.000000      188.928899        0.000000        0.000010
   821      189.441705        0.000000      189.441705        0.000000        0.000006
   822      189.828313        0.000000      189.828313        0.000000        0.000006
   823      189.514555        0.000000      189.514555        0.000000        0.000007
   824      189.567816        0.000000      189.567816        0.000000        0.000005
   825      189.343043        0.000000      189.343043        0.000000        0.000004
   826      190.571271        0.000000      190.571271        0.000000        0.000005
   827      190.199534        0.000000      190.199534        0.000000        0.000004
   828      189.282133        0.000000      189.282133        0.000000        0.000007
   829      190.989699        0.000000      190.989699        0.000000        0.000004
   830      189.268124        0.000000      189.268124        0.000000        0.000009
   831      190.278098        0.000000      190.278098        0.000000        0.000007
   832      190.117570        0.000000      190.117570        0.000000        0.000006
   833      188.788530        0.000000      188.788530        0.000000        0.000006
   834      189.589133        0.000000      189.589133        0.000000        0.000004
   835      188.912440        0.000000      188.912440        0.000000        0.000006
   836      190.530293        0.000000      190.530293        0.000000        0.000005
   837      190.162443        0.000000      190.162443        0.000000        0.000009
   838      188.940227        0.000000      188.940227        0.000000        0.000006
   839      189.148699        0.000000      189.148699        0.000000        0.000005
   840      189.447070        0.000000      189.447070        0.000000        0.000006
   841      189.132558        0.000000      189.132558        0.000000        0.000006
   842      190.065346        0.000000      190.065346        0.000000        0.000005
   843      189.627399        0.000000      189.627399        0.000000        0.000007
   844      189.722825        0.000000      189.722825        0.000000        0.000007
   845      189.709334        0.000000      189.709334        0.000000        0.000002
   846      190.383431        0.000000      190.383431        0.000000        0.000006
   847      190.259476        0.000000      190.259476        0.000000        0.000005
   848      189.716561        0.000000      189.716561        0.000000        0.000005
   849      189.474428        0.000000      189.474428        0.000000        0.000008
   850      189.909128        0.000000      189.909128        0.000000        0.000007
   851      190.384891        0.000000      190.384891        0.000000        0.000004
   852      189.659731        0.000000      189.659731        0.000000        0.000009
   853      189.578421        0.000000      189.578421        0.000000        0.000004
   854      189.199954        0.000000      189.199954        0.000000        0.000005
   855      189.038915        0.000000      189.038915        0.000000        0.000005
   856      189.656536        0.000000      189.656536        0.000000        0.000007
   857      188.742093        0.000000      188.742093        0.000000        0.000007
   858      189.058680        0.000000      189.058680        0.000000        0.000007
   859      189.183127        0.000000      189.183127        0.000000        0.000006
   860      189.290844        0.000000      189.290844        0.000000        0.000007
   861      189.812512        0.020905      210.717158        0.000000        0.000010
   862      190.223462        0.000000      190.223462        0.000000        0.000006
   863      190.119730        0.000000      190.119730        0.000000        0.000003
   864      188.981933        0.000000      188.981933        0.000000        0.000005
   865      189.793567        0.000000      189.793567        0.000000        0.000006
   866      189.108806        0.000000      189.108806        0.000000        0.000007
   867      190.506224        0.000000      190.506224        0.000000        0.000007
   868      189.229998        0.000000      189.229998        0.000000        0.000005
   869      189.466968        0.000000      189.466968        0.000000        0.000006
   870      189.537366        0.000000      189.537366        0.000000        0.000005
   871      189.914096        0.000000      189.914096        0.000000        0.000004
   872      189.244459        0.000000      189.244459        0.000000        0.000005
   873      189.647596        0.000000      189.647596        0.000000        0.000006
   874      189.533296        0.000000      189.533296        0.000000        0.000006
   875      189.259440        0.000000      189.259440        0.000000        0.000006
   876      190.593017        0.000000      190.593017        0.000000        0.000005
   877      189.083128        0.000000      189.083128        0.000000        0.000005
   878      189.742691        0.000000      189.742691        0.000000        0.000006
   879      188.818531        0.000000      188.818531        0.000000        0.000003
   880      189.716549        0.000000      189.716549        0.000000        0.000006
   881      189.605751        0.000000      189.605751        0.000000        0.000003
   882      189.299403        0.000000      189.299403        0.000000        0.000004
   883      189.246703        0.000000      189.246703        0.000000        0.000003
   884      189.482559        0.000000      189.482559        0.000000        0.000006
   885      189.334811        0.000000      189.334811        0.000000        0.000007
   886      189.495646        0.000000      189.495646        0.000000        0.000006
   887      189.250343        0.000000      189.250343        0.000000        0.000006
   888      189.805288        0.000000      189.805288        0.000000        0.000005
   889      189.858488        0.000000      189.858488        0.000000        0.000005
   890      189.473502        0.000000      189.473502        0.000000        0.000003
   891      189.501738        0.000000      189.501738        0.000000        0.000007
   892      190.314974        0.000000      190.314974        0.000000        0.000004
   893      189.335524        0.000000      189.335524        0.000000        0.000009
   894      190.130814        0.000000      190.130814        0.000000        0.000004
   895      190.647751        0.000000      190.647751        0.000000        0.000003
   896      188.807460        0.000000      188.807460        0.000000        0.000005
   897      189.901035        0.000000      189.901035        0.000000        0.000003
   898      189.686889        0.000000      189.686889        0.000000        0.000007
   899      189.557821        0.000000      189.557821        0.000000        0.000006
   900      191.562527        0.000000      191.562527        0.000000        0.000004
   901      190.248693        0.000000      190.248693        0.000000        0.000002
   902      188.837621        0.000000      188.837621        0.000000        0.000005
   903      189.711160        0.000000      189.711160        0.000000        0.000004
   904      189.467631        0.000000      189.467631        0.000000        0.000006
   905      190.002709        0.000000      190.002709        0.000000        0.000004
   906      189.684069        0.000000      189.684069        0.000000        0.000005
   907      188.874382        0.012718      201.592866        0.000000        0.000010
   908      189.106210        0.000000      189.106210        0.000000        0.000004
   909      189.632814        0.000000      189.632814        0.000000        0.000006
   910      189.873808        0.000000      189.873808        0.000000        0.000007
   911      189.247629        0.000000      189.247629        0.000000        0.000007
   912      190.399485        0.000000      190.399485        0.000000        0.000005
   913      190.240006        0.000000      190.240006        0.000000        0.000004
   914      190.366983        0.000000      190.366983        0.000000        0.000006
   915      188.790527        0.000000      188.790527        0.000000        0.000006
   916      189.477255        0.000000      189.477255        0.000000        0.000006
   917      190.580236        0.000000      190.580236        0.000000        0.000004
   918      188.737794        0.000000      188.737794        0.000000        0.000008
   919      189.753299        0.000000      189.753299        0.000000        0.000004
   920      189.616486        0.000000      189.616486        0.000000        0.000004
   921      188.765039        0.000000      188.765039        0.000000        0.000006
   922      190.152050        0.000000      190.152050        0.000000        0.000004
   923      189.780896        0.000000      189.780896        0.000000        0.000003
   924      189.156908        0.000000      189.156908        0.000000        0.000005
   925      189.825218        0.000000      189.825218        0.000000        0.000004
   926      189.668307        0.000000      189.668307        0.000000        0.000008
   927      189.247297        0.000000      189.247297        0.000000        0.000006
   928      189.932929        0.000000      189.932929        0.000000        0.000003
   929      190.195292        0.000000      190.195292        0.000000        0.000003
   930      189.532554        0.000000      189.532554        0.000000        0.000005
   931      189.225110        0.000000      189.225110        0.000000        0.000007
   932      188.625451        0.000000      188.625451        0.000000        0.000007
   933      191.153930        0.000000      191.153930        0.000000        0.000006
   934      189.711018        0.000000      189.711018        0.000000        0.000007
   935      189.229342        0.000000      189.229342        0.000000        0.000005
   936      190.679872        0.000000      190.679872        0.000000        0.000006
   937      189.784924        0.000000      189.784924        0.000000        0.000004
   938      189.415535        0.000000      189.415535        0.000000        0.000005
   939      190.393782        0.000000      190.393782        0.000000        0.000005
   940      189.445820        0.000000      189.445820        0.000000        0.000006
   941      189.843885        0.000000      189.843885        0.000000        0.000004
   942      189.017503        0.000000      189.017503        0.000000        0.000008
   943      189.529923        0.000000      189.529923        0.000000        0.000006
   944      189.520741        0.000000      189.520741        0.000000        0.000008
   945      190.007875        0.000000      190.007875        0.000000        0.000007
   946      189.460646        0.000000      189.460646        0.000000        0.000004
   947      189.139067        0.000000      189.139067        0.000000        0.000006
   948      190.041065        0.000000      190.041065        0.000000        0.000006
   949      190.153562        0.000000      190.153562        0.000000        0.000009
   950      189.108776        0.000000      189.108776        0.000000        0.000005
   951      189.311788        0.000000      189.311788        0.000000        0.000005
   952      188.676593        0.000000      188.676593        0.000000        0.000010
   953      189.184456        0.000000      189.184456        0.000000        0.000007
   954      189.767397        0.000000      189.767397        0.000000        0.000005
   955      190.126521        0.000000      190.126521        0.000000        0.000004
   956      188.875664        0.000000      188.875664        0.000000        0.000008
   957      189.085633        0.000000      189.085633        0.000000        0.000008
   958      189.069762        0.000000      189.069762        0.000000        0.000006
   959      189.732602        0.000000      189.732602        0.000000        0.000003
   960      189.644959        0.000000      189.644959        0.000000        0.000005
   961      190.009579        0.000000      190.009579        0.000000        0.000005
   962      190.181113        0.000000      190.181113        0.000000        0.000005
   963      189.873225        0.000000      189.873225        0.000000        0.000004
   964      190.792708        0.000000      190.792708        0.000000        0.000003
   965      190.449289        0.000000      190.449289        0.000000        0.000006
   966      189.477179        0.000000      189.477179        0.000000        0.000009
   967      189.948602        0.000000      189.948602        0.000000        0.000006
   968      190.171723        0.000000      190.171723        0.000000        0.000007
   969      190.414333        0.000000      190.414333        0.000000        0.000005
   970      189.593443        0.000000      189.593443        0.000000        0.000005
   971      189.327724        0.000000      189.327724        0.000000        0.000006
   972      189.038544        0.000000      189.038544        0.000000        0.000007
   973      189.717029        0.000000      189.717029        0.000000        0.000005
   974      189.108465        0.000000      189.108465        0.000000        0.000006
   975      189.249439        0.000000      189.249439        0.000000        0.000007
   976      190.121025        0.000000      190.121025        0.000000        0.000003
   977      189.189096        0.000000      189.189096        0.000000        0.000005
   978      190.592826        0.000000      190.592826        0.000000        0.000004
   979      190.370969        0.000000      190.370969        0.000000        0.000004
   980      189.580747        0.000000      189.580747        0.000000        0.000005
   981      189.551856        0.000000      189.551856        0.000000        0.000005
   982      189.415133        0.000000      189.415133        0.000000        0.000003
   983      189.927309        0.000000      189.927309        0.000000        0.000005
   984      189.793249        0.000000      189.793249        0.000000        0.000005
   985      189.864077        0.000000      189.864077        0.000000        0.000003
   986      190.125820        0.000000      190.125820        0.000000        0.000006
   987      189.412493        0.000000      189.412493        0.000000        0.000005
   988      189.162203        0.000000      189.162203        0.000000        0.000006
   989      189.320781        0.000000      189.320781        0.000000        0.000004
   990      188.811909        0.000000      188.811909        0.000000        0.000006
   991      189.208758        0.000000      189.208758        0.000000        0.000007
   992      189.463258        0.000000      189.463258        0.000000        0.000005
   993      189.142100        0.000000      189.142100        0.000000        0.000007
   994      189.310359        0.000000      189.310359        0.000000        0.000005
   995      189.445638        0.000000      189.445638        0.000000        0.000006
   996      190.608104        0.000000      190.608104        0.000000        0.000003
   997      189.381491        0.000000      189.381491        0.000000        0.000004
   998      188.748380        0.000000      188.748380        0.000000        0.000005
   999      189.829912        0.000000      189.829912        0.000000        0.000005
  1000      188.522576        0.000000      188.522576        0.000000        0.000004
