     1      189.206097        0.000000      189.206097        0.000000        0.000007
     2      189.332817        0.000000      189.332817        0.000000        0.000008
     3      189.896946        0.000000      189.896946        0.000000        0.000002
     4      188.989097        0.000000      188.989097        0.000000        0.000003
     5      188.763599        0.000000      188.763599        0.000000        0.000007
     6      189.340159        0.000000      189.340159        0.000000        0.000005
     7      189.835907        0.000000      189.835907        0.000000        0.000003
     8      189.766409        0.000000      189.766409        0.000000        0.000007
     9      189.072323        0.000000      189.072323        0.000000        0.000004
    10      190.167898        0.000000      190.167898        0.000000        0.000003
    11      189.036737        0.000000      189.036737        0.000000        0.000006
    12      188.847470        0.000000      188.847470        0.000000        0.000006
    13      190.380438        0.000000      190.380438        0.000000        0.000006
    14      189.444131        0.000000      189.444131        0.000000        0.000004
    15      189.534037        0.000000      189.534037        0.000000        0.000005
    16      189.782290        0.000000      189.782290        0.000000        0.000004
    17      189.371276        0.000000      189.371276        0.000000        0.000005
    18      189.882888        0.000000      189.882888        0.000000        0.000004
    19      188.605158        0.000000      188.605158        0.000000        0.000005
    20      189.731787        0.000000      189.731787        0.000000        0.000004
    21      189.476752        0.000000      189.476752        0.000000        0.000006
    22      189.601908        0.000000      189.601908        0.000000        0.000004
    23      189.956925        0.000000      189.956925        0.000000        0.000004
    24      189.701973        0.000000      189.701973        0.000000        0.000004
    25      190.819449        0.000000      190.819449        0.000000        0.000003
    26      189.760399        0.000000      189.760399        0.000000        0.000003
    27      189.697232        0.000000      189.697232        0.000000        0.000009
    28      189.862376        0.000000      189.862376        0.000000        0.000003
    29      189.363414        0.000000      189.363414        0.000000        0.000006
    30      190.439417        0.000000      190.439417        0.000000        0.000005
    31      189.681223        0.000000      189.681223        0.000000        0.000004
    32      189.424263        0.000000      189.424263        0.000000        0.000006
    33      190.409130        0.000000      190.409130        0.000000        0.000002
    34      189.593083        0.000000      189.593083        0.000000        0.000003
    35      188.677538        0.000000      188.677538        0.000000        0.000008
    36      188.629269        0.000000      188.629269        0.000000        0.000004
    37      188.984325        0.000000      188.984325        0.000000        0.000007
    38      190.079065        0.000000      190.079065        0.000000        0.000004
    39      189.187494        0.000000      189.187494        0.000000        0.000005
    40      188.735077        0.000000      188.735077        0.000000        0.000005
    41      189.845899        0.000000      189.845899        0.000000        0.000004
    42      188.973206        0.000000      188.973206        0.000000        0.000005
    43      189.478957        0.000000      189.478957        0.000000        0.000004
    44      190.226500        0.000000      190.226500        0.000000        0.000003
    45      189.481469        0.000000      189.481469        0.000000        0.000007
    46      189.572580        0.000000      189.572580        0.000000        0.000005
    47      189.860257        0.000000      189.860257        0.000000        0.000004
    48      190.008286        0.000000      190.008286        0.000000        0.000003
    49      190.185123        0.000000      190.185123        0.000000        0.000004
    50      189.628560        0.000000      189.628560        0.000000        0.000005
    51      189.228872        0.000000      189.228872        0.000000        0.000003
    52      190.167321        0.000000      190.167321        0.000000        0.000003
    53      189.460229        0.000000      189.460229        0.000000        0.000004
    54      188.948928        0.000000      188.948928        0.000000        0.000003
    55      188.659751        0.000000      188.659751        0.000000        0.000006
    56      189.446840        0.000000      189.446840        0.000000        0.000004
    57      189.525212        0.000000      189.525212        0.000000        0.000004
    58      189.437392        0.000000      189.437392        0.000000        0.000004
    59      189.659198        0.000000      189.659198        0.000000        0.000007
    60      189.863165        0.000000      189.863165        0.000000        0.000004
    61      189.239224        0.000000      189.239224        0.000000        0.000005
    62      188.686605        0.000000      188.686605        0.000000        0.000007
    63      189.639466        0.000000      189.639466        0.000000        0.000007
    64      189.439349        0.000000      189.439349        0.000000        0.000005
    65      189.471671        0.000000      189.471671        0.000000        0.000003
    66      189.761733        0.000000      189.761733        0.000000        0.000005
    67      188.844208        0.000000      188.844208        0.000000        0.000005
    68      189.525425        0.000000      189.525425        0.000000        0.000004
    69      190.469502        0.000000      190.469502        0.000000        0.000002
    70      189.346053        0.000000      189.346053        0.000000        0.000005
    71      189.957706        0.000000      189.957706        0.000000        0.000006
    72      188.960423        0.000000      188.960423        0.000000        0.000003
    73      188.665643        0.000000      188.665643        0.000000        0.000005
    74      189.397728        0.000000      189.397728        0.000000        0.000004
    75      190.046492        0.000000      190.046492        0.000000        0.000005
    76      188.839896        0.000000      188.839896        0.000000        0.000008
    77      190.013587        0.000000      190.013587        0.000000        0.000004
    78      190.703661        0.000000      190.703661        0.000000        0.000003
    79      189.736798        0.000000      189.736798        0.000000        0.000004
    80      189.745615        0.000000      189.745615        0.000000        0.000004
    81      189.219591        0.000000      189.219591        0.000000        0.000004
    82      189.039543        0.000000      189.039543        0.000000        0.000008
    83      188.826405        0.000000      188.826405        0.000000        0.000005
    84      189.132134        0.000000      189.132134        0.000000        0.000003
    85      189.371527        0.000000      189.371527        0.000000        0.000003
    86      189.635887        0.000000      189.635887        0.000000        0.000006
    87      190.257138        0.000000      190.257138        0.000000        0.000002
    88      189.655679        0.000000      189.655679        0.000000        0.000003
    89      189.228001        0.000000      189.228001        0.000000        0.000005
    90      188.788217        0.000000      188.788217        0.000000        0.000006
    91      189.210770        0.000000      189.210770        0.000000        0.000005
    92      190.231513        0.000000      190.231513        0.000000        0.000003
    93      189.582836        0.000000      189.582836        0.000000        0.000007
    94      189.987114        0.000000      189.987114        0.000000        0.000005
    95      188.746052        0.000000      188.746052        0.000000        0.000005
    96      188.586068        0.000000      188.586068        0.000000        0.000007
    97      189.251019        0.000000      189.251019        0.000000        0.000007
    98      189.752279        0.000000      189.752279        0.000000        0.000004
    99      189.479888        0.000000      189.479888        0.000000        0.000006
   100      189.346653        0.000000      189.346653        0.000000        0.000004
   101      189.465429        0.000000      189.465429        0.000000        0.000004
   102      189.687783        0.000000      189.687783        0.000000        0.000004
   103      190.275127        0.000000      190.275127        0.000000        0.000003
   104      188.536782        0.000000      188.536782        0.000000        0.000008
   105      190.062779        0.000000      190.062779        0.000000        0.000004
   106      190.384116        0.000000      190.384116        0.000000        0.000003
   107      189.579862        0.000000      189.579862        0.000000        0.000004
   108      189.641085        0.000000      189.641085        0.000000        0.000004
   109      189.194609        0.000000      189.194609        0.000000        0.000005
   110      189.463203        0.000000      189.463203        0.000000        0.000003
   111      189.080646        0.000000      189.080646        0.000000        0.000004
   112      189.246104        0.000000      189.246104        0.000000        0.000004
   113      189.938312        0.000000      189.938312        0.000000        0.000004
   114      188.594341        0.000000      188.594341        0.000000        0.000005
   115      190.460981        0.000000      190.460981        0.000000        0.000003
   116      190.369197        0.000000      190.369197        0.000000        0.000002
   117      190.107519        0.000000      190.107519        0.000000        0.000003
   118      189.767492        0.000000      189.767492        0.000000        0.000004
   119      189.510197        0.257021      446.531608        0.000000        0.000013
   120      189.850289        0.000000      189.850289        0.000000        0.000004
   121      189.062353        0.000000      189.062353        0.000000        0.000003
   122      190.114489        0.000000      190.114489        0.000000        0.000004
   123      189.872248        0.000000      189.872248        0.000000        0.000004
   124      189.580507        0.000000      189.580507        0.000000        0.000005
   125      190.195837        0.000000      190.195837        0.000000        0.000003
   126      190.299300        0.000000      190.299300        0.000000        0.000005
   127      189.305896        0.000000      189.305896        0.000000        0.000005
   128      189.341458        0.000000      189.341458        0.000000        0.000005
   129      189.587164        0.000000      189.587164        0.000000        0.000006
   130      189.962472        0.000000      189.962472        0.000000        0.000005
   131      190.269371        0.000000      190.269371        0.000000        0.000003
   132      189.822257        0.000000      189.822257        0.000000        0.000004
   133      189.166339        0.000000      189.166339        0.000000        0.000006
   134      189.755607        0.000000      189.755607        0.000000        0.000006
   135      189.504950        0.000000      189.504950        0.000000        0.000005
   136      189.387901        0.000000      189.387901        0.000000        0.000004
   137      188.362155        0.000000      188.362155        0.000000        0.000006
   138      189.964337        0.000000      189.964337        0.000000        0.000005
   139      189.372236        0.000000      189.372236        0.000000        0.000005
   140      189.006868        0.000000      189.006868        0.000000        0.000005
   141      189.643292        0.000000      189.643292        0.000000        0.000004
   142      189.716410        0.000000      189.716410        0.000000        0.000003
   143      188.978320        0.000000      188.978320        0.000000        0.000006
   144      190.229154        0.000000      190.229154        0.000000        0.000003
   145      189.627702        0.000000      189.627702        0.000000        0.000003
   146      189.191001        0.000000      189.191001        0.000000        0.000004
   147      189.514025        0.000000      189.514025        0.000000        0.000005
   148      189.578412        0.000000      189.578412        0.000000        0.000002
   149      189.494866        0.000000      189.494866        0.000000        0.000007
   150      188.919742        0.000000      188.919742        0.000000        0.000005
   151      189.746831        0.000000      189.746831        0.000000        0.000006
   152      189.142997        0.000000      189.142997        0.000000        0.000005
   153      189.383943        0.000000      189.383943        0.000000        0.000005
   154      189.773654        0.000000      189.773654        0.000000        0.000004
   155      189.744433        0.000000      189.744433        0.000000        0.000005
   156      190.105926        0.000000      190.105926        0.000000        0.000003
   157      189.204572        0.000000      189.204572        0.000000        0.000003
   158      189.410380        0.000000      189.410380        0.000000        0.000004
   159      190.538302        0.000000      190.538302        0.000000        0.000001
   160      190.713693        0.000000      190.713693        0.000000        0.000003
   161      189.971249        0.000000      189.971249        0.000000        0.000003
   162      189.904801        0.000000      189.904801        0.000000        0.000006
   163      188.363839        0.000000      188.363839        0.000000        0.000005
   164      189.037503        0.000000      189.037503        0.000000        0.000004
   165      189.299180        0.000000      189.299180        0.000000        0.000004
   166      189.722932        0.000000      189.722932        0.000000        0.000005
   167      189.896106        0.000000      189.896106        0.000000        0.000005
   168      189.771790        0.000000      189.771790        0.000000        0.000006
   169      190.069704        0.000000      190.069704        0.000000        0.000004
   170      189.848457        0.000000      189.848457        0.000000        0.000002
   171      190.120126        0.000000      190.120126        0.000000        0.000004
   172      189.285168        0.000000      189.285168        0.000000        0.000004
   173      189.380165        0.000000      189.380165        0.000000        0.000004
   174      189.467782        0.000000      189.467782        0.000000        0.000004
   175      189.488247        0.000000      189.488247        0.000000        0.000005
   176      189.986266        0.000000      189.986266        0.000000        0.000004
   177      189.947466        0.000000      189.947466        0.000000        0.000003
   178      189.925743        0.000000      189.925743        0.000000        0.000004
   179      190.104242        0.000000      190.104242        0.000000        0.000002
   180      189.157747        0.000000      189.157747        0.000000        0.000005
   181      189.619455        0.000000      189.619455        0.000000        0.000003
   182      189.649863        0.000000      189.649863        0.000000        0.000004
   183      188.990237        0.000000      188.990237        0.000000        0.000007
   184      189.610870        0.000000      189.610870        0.000000        0.000003
   185      188.941106        0.000000      188.941106        0.000000        0.000007
   186      189.439201        0.000000      189.439201        0.000000        0.000002
   187      189.611364        0.000000      189.611364        0.000000        0.000007
   188      188.952046        0.000000      188.952046        0.000000        0.000005
   189      189.055053        0.000000      189.055053        0.000000        0.000005
   190      190.003355        0.000000      190.003355        0.000000        0.000002
   191      188.689980        0.000000      188.689980        0.000000        0.000005
   192      189.708444        0.000000      189.708444        0.000000        0.000005
   193      189.166507        0.000000      189.166507        0.000000        0.000006
   194      189.738899        0.000000      189.738899        0.000000        0.000007
   195      190.304540        0.000000      190.304540        0.000000        0.000005
   196      189.589934        0.000000      189.589934        0.000000        0.000003
   197      190.258144        0.000000      190.258144        0.000000        0.000006
   198      189.364766        0.000000      189.364766        0.000000        0.000004
   199      189.230635        0.000000      189.230635        0.000000        0.000005
   200      189.089396        0.000000      189.089396        0.000000        0.000006
   201      191.032335        0.000000      191.032335        0.000000        0.000004
   202      189.671043        0.000000      189.671043        0.000000        0.000006
   203      190.007992        0.000000      190.007992        0.000000        0.000003
   204      190.315679        0.000000      190.315679        0.000000        0.000004
   205      189.051310        0.000000      189.051310        0.000000        0.000003
   206      188.777471        0.000000      188.777471        0.000000        0.000005
   207      189.693492        0.000000      189.693492        0.000000        0.000007
   208      189.693737        0.000000      189.693737        0.000000        0.000004
   209      189.121061        0.000000      189.121061        0.000000        0.000004
   210      189.952328        0.000000      189.952328        0.000000        0.000003
   211      189.184349        0.000000      189.184349        0.000000        0.000007
   212      188.901821        0.000000      188.901821        0.000000        0.000005
   213      189.492839        0.000000      189.492839        0.000000        0.000003
   214      188.796032        0.000000      188.796032        0.000000        0.000004
   215      189.399848        0.000000      189.399848        0.000000        0.000005
   216      190.022845        0.000000      190.022845        0.000000        0.000005
   217      189.021659        0.000000      189.021659        0.000000        0.000004
   218      190.269332        0.000000      190.269332        0.000000        0.000004
   219      188.783295        0.000000      188.783295        0.000000        0.000007
   220      188.870178        0.000000      188.870178        0.000000        0.000007
   221      189.578639        0.000000      189.578639        0.000000        0.000003
   222      189.554564        0.000000      189.554564        0.000000        0.000004
   223      189.762123        0.000000      189.762123        0.000000        0.000003
   224      189.339167        0.000000      189.339167        0.000000        0.000003
   225      188.558433        0.000000      188.558433        0.000000        0.000007
   226      188.977515        0.000000      188.977515        0.000000        0.000006
   227      189.300895        0.000000      189.300895        0.000000        0.000004
   228      189.583513        0.000000      189.583513        0.000000        0.000005
   229      190.007971        0.000000      190.007971        0.000000        0.000003
   230      188.750967        0.000000      188.750967        0.000000        0.000003
   231      189.511699        0.000000      189.511699        0.000000        0.000004
   232      189.124399        0.000000      189.124399        0.000000        0.000004
   233      189.757648        0.000000      189.757648        0.000000        0.000004
   234      189.595975        0.000000      189.595975        0.000000        0.000006
   235      190.404733        0.000000      190.404733        0.000000        0.000004
   236      189.661419        0.000000      189.661419        0.000000        0.000004
   237      189.795140        0.000000      189.795140        0.000000        0.000005
   238      189.089478        0.000000      189.089478        0.000000        0.000003
   239      188.786123        0.000000      188.786123        0.000000        0.000007
   240      189.139272        0.000000      189.139272        0.000000        0.000005
   241      189.317167        0.000000      189.317167        0.000000        0.000005
   242      189.760523        0.000000      189.760523        0.000000        0.000004
   243      189.862302        0.000000      189.862302        0.000000        0.000002
   244      189.663386        0.000000      189.663386        0.000000        0.000004
   245      189.355231        0.000000      189.355231        0.000000        0.000004
   246      189.685944        0.000000      189.685944        0.000000        0.000005
   247      190.222757        0.000000      190.222757        0.000000        0.000004
   248      189.004594        0.000000      189.004594        0.000000        0.000003
   249      189.147442        0.000000      189.147442        0.000000        0.000003
   250      189.596483        0.000000      189.596483        0.000000        0.000003
   251      189.438898        0.000000      189.438898        0.000000        0.000004
   252      189.707053        0.000000      189.707053        0.000000        0.000003
   253      190.197903        0.000000      190.197903        0.000000        0.000008
   254      189.256507        0.000000      189.256507        0.000000        0.000004
   255      188.608281        0.000000      188.608281        0.000000        0.000008
   256      190.670651        0.000000      190.670651        0.000000        0.000005
   257      190.200537        0.000000      190.200537        0.000000        0.000002
   258      190.862876        0.000000      190.862876        0.000000        0.000003
   259      189.707044        0.000000      189.707044        0.000000        0.000002
   260      189.687126        0.000000      189.687126        0.000000        0.000004
   261      188.892901        0.000000      188.892901        0.000000        0.000004
   262      189.116759        0.000000      189.116759        0.000000        0.000005
   263      189.855995        0.000000      189.855995        0.000000        0.000004
   264      189.738076        0.000000      189.738076        0.000000        0.000004
   265      189.814596        0.000000      189.814596        0.000000        0.000003
   266      189.066329        0.000000      189.066329        0.000000        0.000005
   267      189.537917        0.000000      189.537917        0.000000        0.000004
   268      189.559856        0.000000      189.559856        0.000000        0.000003
   269      189.456365        0.000000      189.456365        0.000000        0.000003
   270      189.242043        0.000000      189.242043        0.000000        0.000006
   271      189.303387        0.000000      189.303387        0.000000        0.000007
   272      189.684185        0.000000      189.684185        0.000000        0.000003
   273      189.575757        0.000000      189.575757        0.000000        0.000003
   274      189.712181        0.000000      189.712181        0.000000        0.000003
   275      189.969070        0.000000      189.969070        0.000000        0.000004
   276      188.966970        0.000000      188.966970        0.000000        0.000004
   277      189.366968        0.000000      189.366968        0.000000        0.000003
   278      189.598107        0.000000      189.598107        0.000000        0.000008
   279      188.939400        0.000000      188.939400        0.000000        0.000006
   280      189.392153        0.000000      189.392153        0.000000        0.000006
   281      189.763985        0.000000      189.763985        0.000000        0.000004
   282      189.518105        0.000000      189.518105        0.000000        0.000003
   283      189.288144        0.000000      189.288144        0.000000        0.000004
   284      188.990381        0.000000      188.990381        0.000000        0.000005
   285      189.547041        0.000000      189.547041        0.000000        0.000003
   286      189.579296        0.000000      189.579296        0.000000        0.000008
   287      190.018612        0.000000      190.018612        0.000000        0.000004
   288      189.130299        0.000000      189.130299        0.000000        0.000006
   289      189.434465        0.000000      189.434465        0.000000        0.000004
   290      189.190365        0.000000      189.190365        0.000000        0.000004
   291      189.878609        0.000000      189.878609        0.000000        0.000003
   292      188.901213        0.000000      188.901213        0.000000        0.000007
   293      190.068818        0.000000      190.068818        0.000000        0.000003
   294      188.961985        0.000000      188.961985        0.000000        0.000006
   295      188.913870        0.000000      188.913870        0.000000        0.000006
   296      189.515088        0.000000      189.515088        0.000000        0.000005
   297      189.547137        0.000000      189.547137        0.000000        0.000007
   298      189.543164        0.000000      189.543164        0.000000        0.000004
   299      189.619544        0.000000      189.619544        0.000000        0.000003
   300      190.292526        0.000000      190.292526        0.000000        0.000003
   301      189.100942        0.000000      189.100942        0.000000        0.000003
   302      189.827826        0.000000      189.827826        0.000000        0.000004
   303      189.101195        0.000000      189.101195        0.000000        0.000004
   304      189.141620        0.000000      189.141620        0.000000        0.000007
   305      189.527013        0.000000      189.527013        0.000000        0.000005
   306      189.978722        0.000000      189.978722        0.000000        0.000003
   307      189.745744        0.000000      189.745744        0.000000        0.000002
   308      189.366188        0.000000      189.366188        0.000000        0.000003
   309      189.898787        0.000000      189.898787        0.000000        0.000007
   310      189.986520        0.000000      189.986520        0.000000        0.000004
   311      189.415809        0.000000      189.415809        0.000000        0.000004
   312      188.828701        0.000000      188.828701        0.000000        0.000003
   313      189.351151        0.000000      189.351151        0.000000        0.000004
   314      190.789612        0.000000      190.789612        0.000000        0.000004
   315      189.572505        0.000000      189.572505        0.000000        0.000006
   316      189.142853        0.000000      189.142853        0.000000        0.000010
   317      189.663445        0.000000      189.663445        0.000000        0.000006
   318      189.871672        0.000000      189.871672        0.000000        0.000004
   319      189.596548        0.000000      189.596548        0.000000        0.000003
   320      188.989828        0.000000      188.989828        0.000000        0.000006
   321      190.309790        0.000000      190.309790        0.000000        0.000003
   322      188.995924        0.000000      188.995924        0.000000        0.000006
   323      188.760861        0.000000      188.760861        0.000000        0.000005
   324      189.266447        0.000000      189.266447        0.000000        0.000004
   325      190.318358        0.000000      190.318358        0.000000        0.000003
   326      188.978611        0.000000      188.978611        0.000000        0.000008
   327      189.156029        0.000000      189.156029        0.000000        0.000005
   328      189.543614        0.000000      189.543614        0.000000        0.000005
   329      189.741450        0.000000      189.741450        0.000000        0.000003
   330      189.045844        0.000000      189.045844        0.000000        0.000005
   331      188.982690        0.000000      188.982690        0.000000        0.000007
   332      189.097450        0.000000      189.097450        0.000000        0.000005
   333      189.560082        0.000000      189.560082        0.000000        0.000003
   334      188.787826        0.000000      188.787826        0.000000        0.000007
   335      189.897022        0.000000      189.897022        0.000000        0.000004
   336      189.971055        0.000000      189.971055        0.000000        0.000005
   337      189.211834        0.000000      189.211834        0.000000        0.000005
   338      189.975489        0.000000      189.975489        0.000000        0.000003
   339      189.883639        0.000000      189.883639        0.000000        0.000005
   340      189.075349        0.000000      189.075349        0.000000        0.000004
   341      189.620171        0.000000      189.620171        0.000000        0.000003
   342      189.602708        0.000000      189.602708        0.000000        0.000004
   343      189.692552        0.000000      189.692552        0.000000        0.000003
   344      189.444475        0.000000      189.444475        0.000000        0.000004
   345      189.089530        0.000000      189.089530        0.000000        0.000005
   346      188.867425        0.000000      188.867425        0.000000        0.000007
   347      189.762328        0.000000      189.762328        0.000000        0.000003
   348      190.258244        0.000000      190.258244        0.000000        0.000005
   349      189.954779        0.000000      189.954779        0.000000        0.000003
   350      189.428030        0.000000      189.428030        0.000000        0.000005
   351      188.828111        0.000000      188.828111        0.000000        0.000004
   352      190.170953        0.000000      190.170953        0.000000        0.000006
   353      190.227063        0.000000      190.227063        0.000000        0.000004
   354      189.390875        0.000000      189.390875        0.000000        0.000004
   355      189.672855        0.000000      189.672855        0.000000        0.000004
   356      189.224739        0.000000      189.224739        0.000000        0.000005
   357      189.339250        0.000000      189.339250        0.000000        0.000004
   358      189.629416        0.000000      189.629416        0.000000        0.000005
   359      189.032967        0.000000      189.032967        0.000000        0.000006
   360      190.030403        0.000000      190.030403        0.000000        0.000003
   361      189.325456        0.000000      189.325456        0.000000        0.000008
   362      188.880276        0.000000      188.880276        0.000000        0.000006
   363      189.274023        0.000000      189.274023        0.000000        0.000004
   364      188.887512        0.000000      188.887512        0.000000        0.000005
   365      189.744559        0.000000      189.744559        0.000000        0.000005
   366      189.791833        0.000000      189.791833        0.000000        0.000007
   367      189.254118        0.000000      189.254118        0.000000        0.000004
   368      189.541126        0.000000      189.541126        0.000000        0.000006
   369      190.793773        0.000000      190.793773        0.000000        0.000004
   370      189.526428        0.000000      189.526428        0.000000        0.000003
   371      188.302250        0.000000      188.302250        0.000000        0.000008
   372      189.017451        0.000000      189.017451        0.000000        0.000005
   373      189.431640        0.000000      189.431640        0.000000        0.000003
   374      190.402703        0.000000      190.402703        0.000000        0.000003
   375      189.620621        0.000000      189.620621        0.000000        0.000004
   376      189.509025        0.000000      189.509025        0.000000        0.000006
   377      189.189309        0.000000      189.189309        0.000000        0.000005
   378      190.123721        0.000000      190.123721        0.000000        0.000006
   379      189.490304        0.000000      189.490304        0.000000        0.000003
   380      189.157240        0.000000      189.157240        0.000000        0.000004
   381      189.954251        0.000000      189.954251        0.000000        0.000003
   382      189.515266        0.000000      189.515266        0.000000        0.000004
   383      188.706559        0.000000      188.706559        0.000000        0.000006
   384      189.296810        0.000000      189.296810        0.000000        0.000003
   385      189.263016        0.000000      189.263016        0.000000        0.000004
   386      189.705713        0.000000      189.705713        0.000000        0.000006
   387      189.076743        0.000000      189.076743        0.000000        0.000004
   388      190.147001        0.000000      190.147001        0.000000        0.000003
   389      189.298264        0.000000      189.298264        0.000000        0.000007
   390      188.812033        0.000000      188.812033        0.000000        0.000008
   391      189.925124        0.000000      189.925124        0.000000        0.000003
   392      190.479523        0.000000      190.479523        0.000000        0.000004
   393      189.988744        0.000000      189.988744        0.000000        0.000005
   394      188.971879        0.000000      188.971879        0.000000        0.000005
   395      189.120670        0.000000      189.120670        0.000000        0.000003
   396      190.209954        0.000000      190.209954        0.000000        0.000003
   397      188.419345        0.000000      188.419345        0.000000        0.000006
   398      189.273256        0.000000      189.273256        0.000000        0.000005
   399      189.358281        0.000000      189.358281        0.000000        0.000005
   400      189.736799        0.000000      189.736799        0.000000        0.000005
   401      190.155543        0.000000      190.155543        0.000000        0.000003
   402      189.012016        0.000000      189.012016        0.000000        0.000004
   403      188.618838        0.000000      188.618838        0.000000        0.000006
   404      188.893248        0.000000      188.893248        0.000000        0.000004
   405      189.799874        0.000000      189.799874        0.000000        0.000003
   406      189.584824        0.000000      189.584824        0.000000        0.000007
   407      189.580053        0.000000      189.580053        0.000000        0.000003
   408      189.623519        0.000000      189.623519        0.000000        0.000005
   409      189.500111        0.000000      189.500111        0.000000        0.000005
   410      189.460647        0.000000      189.460647        0.000000        0.000003
   411      190.114376        0.000000      190.114376        0.000000        0.000003
   412      189.394208        0.000000      189.394208        0.000000        0.000005
   413      190.181767        0.000000      190.181767        0.000000        0.000004
   414      189.187306        0.000000      189.187306        0.000000        0.000004
   415      189.632572        0.000000      189.632572        0.000000        0.000003
   416      189.505163        0.000000      189.505163        0.000000        0.000004
   417      189.572320        0.000000      189.572320        0.000000        0.000003
   418      189.889999        0.000000      189.889999        0.000000        0.000004
   419      188.947339        0.000000      188.947339        0.000000        0.000007
   420      189.456909        0.000000      189.456909        0.000000        0.000003
   421      190.095288        0.000000      190.095288        0.000000        0.000005
   422      188.817961        0.000000      188.817961        0.000000        0.000007
   423      188.819993        0.000000      188.819993        0.000000        0.000005
   424      189.406060        0.000000      189.406060        0.000000        0.000004
   425      190.114416        0.000000      190.114416        0.000000        0.000005
   426      189.681153        0.000000      189.681153        0.000000        0.000003
   427      189.471641        0.000000      189.471641        0.000000        0.000003
   428      189.145954        0.000000      189.145954        0.000000        0.000004
   429      189.618301        0.000000      189.618301        0.000000        0.000006
   430      189.833337        0.000000      189.833337        0.000000        0.000002
   431      188.980036        0.000000      188.980036        0.000000        0.000005
   432      189.435022        0.000000      189.435022        0.000000        0.000003
   433      189.784741        0.000000      189.784741        0.000000        0.000003
   434      189.729124        0.000000      189.729124        0.000000        0.000004
   435      189.545459        0.000000      189.545459        0.000000        0.000003
   436      188.978304        0.000000      188.978304        0.000000        0.000005
   437      188.912427        0.000000      188.912427        0.000000        0.000006
   438      189.518688        0.000000      189.518688        0.000000        0.000005
   439      190.481563        0.000000      190.481563        0.000000        0.000003
   440      188.960419        0.000000      188.960419        0.000000        0.000006
   441      189.413179        0.000000      189.413179        0.000000        0.000004
   442      188.438137        0.000000      188.438137        0.000000        0.000004
   443      190.005591        0.000000      190.005591        0.000000        0.000003
   444      190.150641        0.000000      190.150641        0.000000        0.000003
   445      189.739144        0.000000      189.739144        0.000000        0.000005
   446      189.594677        0.000000      189.594677        0.000000        0.000003
   447      189.290759        0.000000      189.290759        0.000000        0.000004
   448      190.567409        0.000000      190.567409        0.000000        0.000004
   449      189.245367        0.000000      189.245367        0.000000        0.000003
   450      190.002781        0.000000      190.002781        0.000000        0.000006
   451      190.071071        0.000000      190.071071        0.000000        0.000002
   452      189.277780        0.000000      189.277780        0.000000        0.000003
   453      189.624664        0.000000      189.624664        0.000000        0.000004
   454      189.210294        0.000000      189.210294        0.000000        0.000004
   455      189.735558        0.000000      189.735558        0.000000        0.000004
   456      190.081185        0.000000      190.081185        0.000000        0.000006
   457      188.786283        0.000000      188.786283        0.000000        0.000006
   458      189.654056        0.000000      189.654056        0.000000        0.000005
   459      189.894738        0.000000      189.894738        0.000000        0.000003
   460      190.401178        0.000000      190.401178        0.000000        0.000004
   461      189.248672        0.000000      189.248672        0.000000        0.000004
   462      188.923877        0.000000      188.923877        0.000000        0.000002
   463      189.077624        0.000000      189.077624        0.000000        0.000005
   464      188.791656        0.000000      188.791656        0.000000        0.000007
   465      189.178391        0.000000      189.178391        0.000000        0.000004
   466      189.172832        0.000000      189.172832        0.000000        0.000003
   467      189.678074        0.000000      189.678074        0.000000        0.000005
   468      189.799382        0.000000      189.799382        0.000000        0.000003
   469      189.502928        0.000000      189.502928        0.000000        0.000003
   470      189.451058        0.000000      189.451058        0.000000        0.000005
   471      188.614891        0.000000      188.614891        0.000000        0.000006
   472      188.389573        0.000000      188.389573        0.000000        0.000003
   473      189.400064        0.000000      189.400064        0.000000        0.000004
   474      189.437050        0.000000      189.437050        0.000000        0.000003
   475      189.590121        0.000000      189.590121        0.000000        0.000004
   476      189.639965        0.000000      189.639965        0.000000        0.000003
   477      189.124811        0.000000      189.124811        0.000000        0.000003
   478      189.426447        0.000000      189.426447        0.000000        0.000004
   479      189.392494        0.000000      189.392494        0.000000        0.000004
   480      190.087630        0.000000      190.087630        0.000000        0.000005
   481      189.347090        0.000000      189.347090        0.000000        0.000004
   482      188.745951        0.000000      188.745951        0.000000        0.000005
   483      188.616049        0.000000      188.616049        0.000000        0.000007
   484      189.760238        0.000000      189.760238        0.000000        0.000003
   485      188.954857        0.000000      188.954857        0.000000        0.000004
   486      189.778696        0.000000      189.778696        0.000000        0.000003
   487      189.702228        0.000000      189.702228        0.000000        0.000004
   488      190.463033        0.000000      190.463033        0.000000        0.000003
   489      189.499272        0.000000      189.499272        0.000000        0.000004
   490      189.249172        0.000000      189.249172        0.000000        0.000006
   491      189.855521        0.000000      189.855521        0.000000        0.000004
   492      189.839043        0.000000      189.839043        0.000000        0.000003
   493      189.144286        0.000000      189.144286        0.000000        0.000004
   494      188.934069        0.000000      188.934069        0.000000        0.000005
   495      188.553893        0.000000      188.553893        0.000000        0.000005
   496      189.905920        0.000000      189.905920        0.000000        0.000003
   497      191.017178        0.000000      191.017178        0.000000        0.000003
   498      188.910530        0.000000      188.910530        0.000000        0.000004
   499      189.713588        0.000000      189.713588        0.000000        0.000005
   500      189.168234        0.000000      189.168234        0.000000        0.000004
   501      189.409065        0.000000      189.409065        0.000000        0.000005
   502      188.987758        0.000000      188.987758        0.000000        0.000003
   503      190.207651        0.000000      190.207651        0.000000        0.000003
   504      189.179019        0.000000      189.179019        0.000000        0.000004
   505      190.322104        0.000000      190.322104        0.000000        0.000003
   506      189.398797        0.000000      189.398797        0.000000        0.000006
   507      188.856606        0.000000      188.856606        0.000000        0.000004
   508      189.201693        0.000000      189.201693        0.000000        0.000005
   509      189.209826        0.000000      189.209826        0.000000        0.000004
   510      189.957279        0.000000      189.957279        0.000000        0.000002
   511      188.967816        0.000000      188.967816        0.000000        0.000005
   512      189.316869        0.000000      189.316869        0.000000        0.000004
   513      189.274765        0.000000      189.274765        0.000000        0.000003
   514      189.941055        0.000000      189.941055        0.000000        0.000004
   515      188.959086        0.000000      188.959086        0.000000        0.000005
   516      189.321248        0.000000      189.321248        0.000000        0.000004
   517      190.392932        0.000000      190.392932        0.000000        0.000004
   518      190.672274        0.000000      190.672274        0.000000        0.000003
   519      189.914573        0.000000      189.914573        0.000000        0.000003
   520      188.914262        0.000000      188.914262        0.000000        0.000004
   521      189.641835        0.000000      189.641835        0.000000        0.000004
   522      188.251074        0.106630      294.880918        0.000000        0.000011
   523      189.958849        0.000000      189.958849        0.000000        0.000004
   524      189.824256        0.000000      189.824256        0.000000        0.000004
   525      189.686509        0.000000      189.686509        0.000000        0.000004
   526      189.429397        0.000000      189.429397        0.000000        0.000006
   527      188.776215        0.000000      188.776215        0.000000        0.000005
   528      189.694223        0.000000      189.694223        0.000000        0.000003
   529      189.685784        0.000000      189.685784        0.000000        0.000005
   530      189.648120        0.000000      189.648120        0.000000        0.000004
   531      189.862255        0.000000      189.862255        0.000000        0.000003
   532      189.054852        0.016807      205.861752        0.000000        0.000010
   533      189.083084        0.000000      189.083084        0.000000        0.000008
   534      189.178054        0.000000      189.178054        0.000000        0.000009
   535      189.575215        0.000000      189.575215        0.000000        0.000006
   536      189.713198        0.000000      189.713198        0.000000        0.000002
   537      189.703499        0.000000      189.703499        0.000000        0.000004
   538      189.978138        0.000000      189.978138        0.000000        0.000005
   539      189.736274        0.000000      189.736274        0.000000        0.000005
   540      189.058913        0.000000      189.058913        0.000000        0.000006
   541      188.951831        0.000000      188.951831        0.000000        0.000005
   542      189.829433        0.000000      189.829433        0.000000        0.000006
   543      190.253538        0.000000      190.253538        0.000000        0.000004
   544      190.055538        0.000000      190.055538        0.000000        0.000004
   545      189.659250        0.000000      189.659250        0.000000        0.000005
   546      189.342479        0.000000      189.342479        0.000000        0.000003
   547      188.741462        0.000000      188.741462        0.000000        0.000006
   548      188.877120        0.000000      188.877120        0.000000        0.000008
   549      189.211321        0.000000      189.211321        0.000000        0.000003
   550      189.448222        0.000000      189.448222        0.000000        0.000004
   551      189.181813        0.000000      189.181813        0.000000        0.000005
   552      189.101615        0.000000      189.101615        0.000000        0.000004
   553      189.670505        0.000000      189.670505        0.000000        0.000004
   554      189.809086        0.000000      189.809086        0.000000        0.000003
   555      189.642701        0.000000      189.642701        0.000000        0.000004
   556      190.168799        0.000000      190.168799        0.000000        0.000003
   557      189.604252        0.000000      189.604252        0.000000        0.000005
   558      189.419067        0.000000      189.419067        0.000000        0.000005
   559      188.889715        0.000000      188.889715        0.000000        0.000005
   560      189.576110        0.000000      189.576110        0.000000        0.000004
   561      190.555581        0.000000      190.555581        0.000000        0.000002
   562      189.168121        0.000000      189.168121        0.000000        0.000003
   563      189.440520        0.000000      189.440520        0.000000        0.000005
   564      189.711334        0.000000      189.711334        0.000000        0.000006
   565      189.290680        0.000000      189.290680        0.000000        0.000008
   566      189.792435        0.000000      189.792435        0.000000        0.000004
   567      190.109530        0.000000      190.109530        0.000000        0.000005
   568      189.920581        0.000000      189.920581        0.000000        0.000004
   569      189.686407        0.000000      189.686407        0.000000        0.000003
   570      190.444947        0.000000      190.444947        0.000000        0.000004
   571      189.441801        0.000000      189.441801        0.000000        0.000006
   572      190.057722        0.000000      190.057722        0.000000        0.000007
   573      190.171502        0.000000      190.171502        0.000000        0.000004
   574      189.303129        0.000000      189.303129        0.000000        0.000004
   575      189.204815        0.000000      189.204815        0.000000        0.000004
   576      189.225623        0.000000      189.225623        0.000000        0.000004
   577      188.859011        0.000000      188.859011        0.000000        0.000005
   578      189.836091        0.000000      189.836091        0.000000        0.000003
   579      189.271906        0.000000      189.271906        0.000000        0.000006
   580      189.415188        0.000000      189.415188        0.000000        0.000003
   581      189.835960        0.000000      189.835960        0.000000        0.000003
   582      189.581805        0.000000      189.581805        0.000000        0.000004
   583      189.923465        0.000000      189.923465        0.000000        0.000004
   584      188.805849        0.000000      188.805849        0.000000        0.000005
   585      189.493467        0.000000      189.493467        0.000000        0.000006
   586      190.161285        0.000000      190.161285        0.000000        0.000004
   587      189.936221        0.000000      189.936221        0.000000        0.000005
   588      189.212941        0.000000      189.212941        0.000000        0.000005
   589      189.975284        0.000000      189.975284        0.000000        0.000004
   590      190.201730        0.000000      190.201730        0.000000        0.000005
   591      189.776895        0.000000      189.776895        0.000000        0.000004
   592      189.287179        0.000000      189.287179        0.000000        0.000003
   593      188.899108        0.000000      188.899108        0.000000        0.000005
   594      190.667245        0.000000      190.667245        0.000000        0.000003
   595      189.075124        0.000000      189.075124        0.000000        0.000006
   596      190.114971        0.000000      190.114971        0.000000        0.000003
   597      189.613284        0.000000      189.613284        0.000000        0.000003
   598      189.005482        0.000000      189.005482        0.000000        0.000006
   599      189.928206        0.000000      189.928206        0.000000        0.000005
   600      189.552197        0.000000      189.552197        0.000000        0.000003
   601      188.707375        0.000000      188.707375        0.000000        0.000003
   602      189.537814        0.000000      189.537814        0.000000        0.000004
   603      189.301891        0.000000      189.301891        0.000000        0.000010
   604      189.099829        0.000000      189.099829        0.000000        0.000004
   605      189.838430        0.000000      189.838430        0.000000        0.000006
   606      190.186840        0.000000      190.186840        0.000000        0.000005
   607      189.630776        0.000000      189.630776        0.000000        0.000004
   608      190.040938        0.000000      190.040938        0.000000        0.000007
   609      189.300303        0.000000      189.300303        0.000000        0.000004
   610      189.627719        0.000000      189.627719        0.000000        0.000006
   611      188.830549        0.000000      188.830549        0.000000        0.000004
   612      189.272219        0.000000      189.272219        0.000000        0.000007
   613      188.812340        0.000000      188.812340        0.000000        0.000004
   614      190.075973        0.000000      190.075973        0.000000        0.000004
   615      189.724743        0.000000      189.724743        0.000000        0.000008
   616      189.173440        0.000000      189.173440        0.000000        0.000004
   617      189.939964        0.000000      189.939964        0.000000        0.000003
   618      189.331609        0.000000      189.331609        0.000000        0.000003
   619      189.369152        0.000000      189.369152        0.000000        0.000004
   620      189.876613        0.000000      189.876613        0.000000        0.000006
   621      189.084447        0.000000      189.084447        0.000000        0.000005
   622      189.863770        0.000000      189.863770        0.000000        0.000004
   623      189.493007        0.000000      189.493007        0.000000        0.000009
   624      190.015168        0.000000      190.015168        0.000000        0.000004
   625      188.314560        0.000000      188.314560        0.000000        0.000005
   626      189.773393        0.000000      189.773393        0.000000        0.000004
   627      188.671854        0.000000      188.671854        0.000000        0.000004
   628      189.103082        0.000000      189.103082        0.000000        0.000007
   629      189.976859        0.000000      189.976859        0.000000        0.000008
   630      190.235401        0.000000      190.235401        0.000000        0.000004
   631      189.001508        0.000000      189.001508        0.000000        0.000005
   632      188.612666        0.000000      188.612666        0.000000        0.000004
   633      189.572269        0.000000      189.572269        0.000000        0.000003
   634      189.568842        0.000000      189.568842        0.000000        0.000004
   635      189.435245        0.000000      189.435245        0.000000        0.000005
   636      189.215819        0.000000      189.215819        0.000000        0.000007
   637      189.420709        0.000000      189.420709        0.000000        0.000003
   638      188.788395        0.000000      188.788395        0.000000        0.000008
   639      190.568082        0.000000      190.568082        0.000000        0.000003
   640      190.453240        0.000000      190.453240        0.000000        0.000004
   641      189.108259        0.000000      189.108259        0.000000        0.000006
   642      189.267279        0.000000      189.267279        0.000000        0.000004
   643      189.502398        0.000000      189.502398        0.000000        0.000004
   644      189.792341        0.000000      189.792341        0.000000        0.000006
   645      189.166363        0.000000      189.166363        0.000000        0.000003
   646      190.096723        0.000000      190.096723        0.000000        0.000006
   647      189.424818        0.000000      189.424818        0.000000        0.000005
   648      189.006634        0.000000      189.006634        0.000000        0.000003
   649      190.905339        0.000000      190.905339        0.000000        0.000003
   650      189.119754        0.000000      189.119754        0.000000        0.000007
   651      189.730533        0.000000      189.730533        0.000000        0.000005
   652      189.091997        0.000000      189.091997        0.000000        0.000004
   653      190.269378        0.000000      190.269378        0.000000        0.000004
   654      189.496451        0.000000      189.496451        0.000000        0.000005
   655      189.208258        0.000000      189.208258        0.000000        0.000006
   656      190.100186        0.000000      190.100186        0.000000        0.000003
   657      189.376717        0.000000      189.376717        0.000000        0.000006
   658      188.986889        0.000000      188.986889        0.000000        0.000004
   659      189.127578        0.000000      189.127578        0.000000        0.000004
   660      189.822027        0.000000      189.822027        0.000000        0.000004
   661      189.531791        0.000000      189.531791        0.000000        0.000003
   662      189.289261        0.000000      189.289261        0.000000        0.000004
   663      190.359280        0.000000      190.359280        0.000000        0.000004
   664      188.674997        0.000000      188.674997        0.000000        0.000006
   665      189.509826        0.000000      189.509826        0.000000        0.000004
   666      189.394899        0.000000      189.394899        0.000000        0.000004
   667      188.860422        0.000000      188.860422        0.000000        0.000007
   668      190.043203        0.000000      190.043203        0.000000        0.000003
   669      189.960511        0.000000      189.960511        0.000000        0.000003
   670      189.147111        0.000000      189.147111        0.000000        0.000004
   671      189.473247        0.000000      189.473247        0.000000        0.000005
   672      189.865312        0.000000      189.865312        0.000000        0.000008
   673      190.087620        0.000000      190.087620        0.000000        0.000002
   674      190.265820        0.000000      190.265820        0.000000        0.000003
   675      189.291095        0.000000      189.291095        0.000000        0.000004
   676      188.967975        0.000000      188.967975        0.000000        0.000004
   677      189.059569        0.000000      189.059569        0.000000        0.000004
   678      189.519962        0.000000      189.519962        0.000000        0.000006
   679      189.086513        0.000000      189.086513        0.000000        0.000006
   680      189.915723        0.000000      189.915723        0.000000        0.000008
   681      188.954121        0.000000      188.954121        0.000000        0.000007
   682      190.218488        0.000000      190.218488        0.000000        0.000003
   683      189.977519        0.000000      189.977519        0.000000        0.000005
   684      189.543062        0.000000      189.543062        0.000000        0.000004
   685      188.948426        0.000000      188.948426        0.000000        0.000005
   686      190.453508        0.000000      190.453508        0.000000        0.000004
   687      189.181676        0.000000      189.181676        0.000000        0.000005
   688      190.171304        0.000000      190.171304        0.000000        0.000007
   689      189.122948        0.000000      189.122948        0.000000        0.000006
   690      189.508194        0.000000      189.508194        0.000000        0.000003
   691      190.370559        0.000000      190.370559        0.000000        0.000005
   692      189.654428        0.000000      189.654428        0.000000        0.000003
   693      190.002259        0.009335      199.337118        0.000000        0.000010
   694      189.029289        0.000000      189.029289        0.000000        0.000006
   695      189.347898        0.000000      189.347898        0.000000        0.000004
   696      189.312475        0.000000      189.312475        0.000000        0.000004
   697      189.903040        0.000000      189.903040        0.000000        0.000005
   698      188.999123        0.000000      188.999123        0.000000        0.000004
   699      189.416841        0.000000      189.416841        0.000000        0.000006
   700      189.488054        0.000000      189.488054        0.000000        0.000006
   701      190.067785        0.000000      190.067785        0.000000        0.000006
   702      189.822888        0.000000      189.822888        0.000000        0.000004
   703      188.962644        0.000000      188.962644        0.000000        0.000003
   704      189.622556        0.000000      189.622556        0.000000        0.000006
   705      189.124667        0.000000      189.124667        0.000000        0.000006
   706      189.682854        0.000000      189.682854        0.000000        0.000002
   707      188.846670        0.000000      188.846670        0.000000        0.000005
   708      189.663849        0.000000      189.663849        0.000000        0.000003
   709      189.172805        0.000000      189.172805        0.000000        0.000003
   710      189.887637        0.000000      189.887637        0.000000        0.000003
   711      190.070992        0.000000      190.070992        0.000000        0.000004
   712      190.287741        0.000000      190.287741        0.000000        0.000003
   713      190.032630        0.000000      190.032630        0.000000        0.000004
   714      189.678008        0.000000      189.678008        0.000000        0.000004
   715      188.979278        0.000000      188.979278        0.000000        0.000004
   716      188.881604        0.000000      188.881604        0.000000        0.000005
   717      190.554616        0.000000      190.554616        0.000000        0.000005
   718      189.306391        0.000000      189.306391        0.000000        0.000004
   719      190.887904        0.000000      190.887904        0.000000        0.000003
   720      189.425924        0.000000      189.425924        0.000000        0.000004
   721      188.553904        0.000000      188.553904        0.000000        0.000005
   722      189.719954        0.000000      189.719954        0.000000        0.000003
   723      189.603859        0.000000      189.603859        0.000000        0.000004
   724      190.209953        0.000000      190.209953        0.000000        0.000002
   725      190.092897        0.000000      190.092897        0.000000        0.000003
   726      190.027189        0.000000      190.027189        0.000000        0.000003
   727      189.924354        0.000000      189.924354        0.000000        0.000003
   728      189.016891        0.000000      189.016891        0.000000        0.000004
   729      189.258785        0.000000      189.258785        0.000000        0.000004
   730      189.215359        0.000000      189.215359        0.000000        0.000006
   731      188.818097        0.000000      188.818097        0.000000        0.000006
   732      190.118006        0.000000      190.118006        0.000000        0.000004
   733      189.971581        0.000000      189.971581        0.000000        0.000004
   734      189.726132        0.000000      189.726132        0.000000        0.000004
   735      189.801302        0.000000      189.801302        0.000000        0.000003
   736      189.127216        0.000000      189.127216        0.000000        0.000004
   737      189.208257        0.000000      189.208257        0.000000        0.000010
   738      189.619684        0.000000      189.619684        0.000000        0.000006
   739      189.178888        0.000000      189.178888        0.000000        0.000003
   740      190.092233        0.000000      190.092233        0.000000        0.000004
   741      188.756143        0.000000      188.756143        0.000000        0.000005
   742      189.203891        0.000000      189.203891        0.000000        0.000006
   743      189.043584        0.000000      189.043584        0.000000        0.000007
   744      189.645966        0.000000      189.645966        0.000000        0.000009
   745      189.793952        0.000000      189.793952        0.000000        0.000003
   746      189.909110        0.000000      189.909110        0.000000        0.000005
   747      188.941589        0.000000      188.941589        0.000000        0.000004
   748      189.375256        0.000000      189.375256        0.000000        0.000004
   749      189.496766        0.000000      189.496766        0.000000        0.000005
   750      188.761336        0.000000      188.761336        0.000000        0.000004
   751      189.120008        0.000000      189.120008        0.000000        0.000003
   752      188.821303        0.000000      188.821303        0.000000        0.000005
   753      189.397111        0.000000      189.397111        0.000000        0.000005
   754      189.622580        0.000000      189.622580        0.000000        0.000008
   755      188.105246        0.000000      188.105246        0.000000        0.000005
   756      190.137834        0.000000      190.137834        0.000000        0.000004
   757      189.801909        0.000000      189.801909        0.000000        0.000006
   758      190.142644        0.000000      190.142644        0.000000        0.000003
   759      188.734445        0.000000      188.734445        0.000000        0.000005
   760      189.739786        0.000000      189.739786        0.000000        0.000008
   761      188.799057        0.000000      188.799057        0.000000        0.000005
   762      188.991098        0.000000      188.991098        0.000000        0.000007
   763      189.833670        0.000000      189.833670        0.000000        0.000003
   764      190.711884        0.000000      190.711884        0.000000        0.000004
   765      190.963796        0.000000      190.963796        0.000000        0.000002
   766      189.152882        0.000000      189.152882        0.000000        0.000005
   767      189.521907        0.000000      189.521907        0.000000        0.000004
   768      189.752937        0.000000      189.752937        0.000000        0.000003
   769      189.828833        0.000000      189.828833        0.000000        0.000002
   770      189.552071        0.000000      189.552071        0.000000        0.000004
   771      188.779353        0.000000      188.779353        0.000000        0.000004
   772      189.660750        0.000000      189.660750        0.000000        0.000004
   773      189.931678        0.000000      189.931678        0.000000        0.000003
   774      189.667415        0.000000      189.667415        0.000000        0.000005
   775      189.181605        0.000000      189.181605        0.000000        0.000007
   776      189.311341        0.000000      189.311341        0.000000        0.000004
   777      189.566525        0.000000      189.566525        0.000000        0.000003
   778      189.199358        0.000000      189.199358        0.000000        0.000006
   779      189.681829        0.000000      189.681829        0.000000        0.000004
   780      189.979794        0.000000      189.979794        0.000000        0.000005
   781      188.931002        0.000000      188.931002        0.000000        0.000006
   782      189.233638        0.000000      189.233638        0.000000        0.000005
   783      189.428281        0.000000      189.428281        0.000000        0.000004
   784      189.854017        0.000000      189.854017        0.000000        0.000006
   785      190.451211        0.000000      190.451211        0.000000        0.000004
   786      189.547477        0.000000      189.547477        0.000000        0.000008
   787      190.029177        0.000000      190.029177        0.000000        0.000003
   788      190.124351        0.000000      190.124351        0.000000        0.000003
   789      190.322158        0.000000      190.322158        0.000000        0.000004
   790      189.792457        0.000000      189.792457        0.000000        0.000005
   791      189.772909        0.000000      189.772909        0.000000        0.000002
   792      189.522603        0.000000      189.522603        0.000000        0.000005
   793      189.640251        0.000000      189.640251        0.000000        0.000004
   794      189.585851        0.000000      189.585851        0.000000        0.000004
   795      189.155999        0.000000      189.155999        0.000000        0.000004
   796      189.257127        0.000000      189.257127        0.000000        0.000004
   797      189.514242        0.000000      189.514242        0.000000        0.000005
   798      188.939222        0.000000      188.939222        0.000000        0.000005
   799      189.759876        0.000000      189.759876        0.000000        0.000003
   800      189.152551        0.000000      189.152551        0.000000        0.000006
   801      190.048141        0.000000      190.048141        0.000000        0.000003
   802      189.221220        0.000000      189.221220        0.000000        0.000004
   803      189.093089        0.000000      189.093089        0.000000        0.000005
   804      189.364787        0.000000      189.364787        0.000000        0.000005
   805      190.067895        0.000000      190.067895        0.000000        0.000003
   806      189.074823        0.000000      189.074823        0.000000        0.000004
   807      189.366373        0.000000      189.366373        0.000000        0.000009
   808      189.774924        0.000000      189.774924        0.000000        0.000003
   809      189.723232        0.000000      189.723232        0.000000        0.000006
   810      188.480658        0.000000      188.480658        0.000000        0.000003
   811      189.754759        0.000000      189.754759        0.000000        0.000006
   812      189.364208        0.000000      189.364208        0.000000        0.000005
   813      189.216600        0.000000      189.216600        0.000000        0.000006
   814      189.296310        0.000000      189.296310        0.000000        0.000008
   815      189.185548        0.000000      189.185548        0.000000        0.000006
   816      189.371313        0.000000      189.371313        0.000000        0.000005
   817      189.634307        0.000000      189.634307        0.000000        0.000006
   818      189.757290        0.000000      189.757290        0.000000        0.000006
   819      189.840333        0.000000      189.840333        0.000000        0.000003
   820      188.923229        0.000000      188.923229        0.000000        0.000007
   821      188.583915        0.000000      188.583915        0.000000        0.000010
   822      189.794114        0.000000      189.794114        0.000000        0.000005
   823      189.639769        0.000000      189.639769        0.000000        0.000003
   824      189.672641        0.000000      189.672641        0.000000        0.000004
   825      189.240739        0.000000      189.240739        0.000000        0.000005
   826      190.609169        0.000000      190.609169        0.000000        0.000002
   827      190.103008        0.000000      190.103008        0.000000        0.000004
   828      189.249762        0.000000      189.249762        0.000000        0.000007
   829      190.950464        0.000000      190.950464        0.000000        0.000002
   830      189.009449        0.000000      189.009449        0.000000        0.000006
   831      190.332860        0.000000      190.332860        0.000000        0.000004
   832      190.169781        0.000000      190.169781        0.000000        0.000004
   833      188.793861        0.000000      188.793861        0.000000        0.000005
   834      189.557166        0.000000      189.557166        0.000000        0.000003
   835      188.895344        0.000000      188.895344        0.000000        0.000004
   836      190.475425        0.000000      190.475425        0.000000        0.000004
   837      189.998055        0.000000      189.998055        0.000000        0.000004
   838      189.020619        0.000000      189.020619        0.000000        0.000004
   839      189.219672        0.000000      189.219672        0.000000        0.000003
   840      189.130181        0.000000      189.130181        0.000000        0.000007
   841      188.902397        0.000000      188.902397        0.000000        0.000004
   842      190.182445        0.000000      190.182445        0.000000        0.000002
   843      189.643870        0.000000      189.643870        0.000000        0.000006
   844      189.946192        0.000000      189.946192        0.000000        0.000003
   845      189.595984        0.000000      189.595984        0.000000        0.000003
   846      190.132016        0.000000      190.132016        0.000000        0.000005
   847      190.144162        0.000000      190.144162        0.000000        0.000005
   848      189.877680        0.000000      189.877680        0.000000        0.000004
   849      189.245147        0.000000      189.245147        0.000000        0.000006
   850      189.930658        0.000000      189.930658        0.000000        0.000004
   851      190.084908        0.000000      190.084908        0.000000        0.000003
   852      189.955623        0.000000      189.955623        0.000000        0.000005
   853      189.420258        0.000000      189.420258        0.000000        0.000003
   854      188.899782        0.000000      188.899782        0.000000        0.000004
   855      188.906221        0.000000      188.906221        0.000000        0.000004
   856      189.709913        0.000000      189.709913        0.000000        0.000005
   857      188.737201        0.000000      188.737201        0.000000        0.000008
   858      189.029441        0.000000      189.029441        0.000000        0.000004
   859      189.391700        0.000000      189.391700        0.000000        0.000004
   860      189.418041        0.000000      189.418041        0.000000        0.000004
   861      189.712466        0.000000      189.712466        0.000000        0.000005
   862      190.573228        0.000000      190.573228        0.000000        0.000002
   863      189.858221        0.000000      189.858221        0.000000        0.000007
   864      189.025031        0.000000      189.025031        0.000000        0.000007
   865      189.554186        0.000000      189.554186        0.000000        0.000003
   866      189.264959        0.000000      189.264959        0.000000        0.000004
   867      190.376708        0.000000      190.376708        0.000000        0.000007
   868      189.052042        0.000000      189.052042        0.000000        0.000005
   869      189.529779        0.000000      189.529779        0.000000        0.000005
   870      189.555545        0.000000      189.555545        0.000000        0.000003
   871      189.779915        0.000000      189.779915        0.000000        0.000003
   872      189.064427        0.000000      189.064427        0.000000        0.000008
   873      189.569350        0.000000      189.569350        0.000000        0.000003
   874      189.404210        0.000000      189.404210        0.000000        0.000005
   875      189.090183        0.000000      189.090183        0.000000        0.000006
   876      190.449812        0.000000      190.449812        0.000000        0.000003
   877      189.022257        0.000000      189.022257        0.000000        0.000003
   878      189.799393        0.000000      189.799393        0.000000        0.000003
   879      188.689082        0.000000      188.689082        0.000000        0.000003
   880      189.621289        0.000000      189.621289        0.000000        0.000003
   881      189.655819        0.000000      189.655819        0.000000        0.000003
   882      189.223845        0.000000      189.223845        0.000000        0.000003
   883      188.957404        0.000000      188.957404        0.000000        0.000008
   884      189.291216        0.000000      189.291216        0.000000        0.000005
   885      189.351400        0.000000      189.351400        0.000000        0.000004
   886      189.564300        0.000000      189.564300        0.000000        0.000003
   887      188.925812        0.000000      188.925812        0.000000        0.000006
   888      189.796980        0.000000      189.796980        0.000000        0.000002
   889      189.691428        0.018038      207.728951        0.000000        0.000010
   890      188.968496        0.000000      188.968496        0.000000        0.000008
   891      189.267704        0.000000      189.267704        0.000000        0.000004
   892      189.906939        0.000000      189.906939        0.000000        0.000004
   893      189.158193        0.000000      189.158193        0.000000        0.000007
   894      189.973923        0.000000      189.973923        0.000000        0.000003
   895      189.678477        0.000000      189.678477        0.000000        0.000006
   896      188.759205        0.000000      188.759205        0.000000        0.000006
   897      189.820922        0.000000      189.820922        0.000000        0.000004
   898      189.489602        0.000000      189.489602        0.000000        0.000005
   899      189.190838        0.000000      189.190838        0.000000        0.000004
   900      191.325764        0.000000      191.325764        0.000000        0.000003
   901      189.969264        0.000000      189.969264        0.000000        0.000005
   902      188.762972        0.000000      188.762972        0.000000        0.000004
   903      189.456813        0.000000      189.456813        0.000000        0.000006
   904      189.167448        0.000000      189.167448        0.000000        0.000010
   905      189.704744        0.000000      189.704744        0.000000        0.000004
   906      189.705576        0.000000      189.705576        0.000000        0.000004
   907      189.187237        0.000000      189.187237        0.000000        0.000005
   908      189.041247        0.000000      189.041247        0.000000        0.000003
   909      189.705286        0.000000      189.705286        0.000000        0.000003
   910      189.909692        0.000000      189.909692        0.000000        0.000006
   911      189.266113        0.000000      189.266113        0.000000        0.000005
   912      190.249333        0.000000      190.249333        0.000000        0.000003
   913      190.013289        0.000000      190.013289        0.000000        0.000004
   914      190.575639        0.000000      190.575639        0.000000        0.000003
   915      188.918301        0.000000      188.918301        0.000000        0.000004
   916      189.349533        0.000000      189.349533        0.000000        0.000004
   917      190.144681        0.000000      190.144681        0.000000        0.000003
   918      188.459096        0.000000      188.459096        0.000000        0.000006
   919      189.325939        0.000000      189.325939        0.000000        0.000007
   920      189.403782        0.000000      189.403782        0.000000        0.000005
   921      188.944505        0.000000      188.944505        0.000000        0.000003
   922      190.102450        0.000000      190.102450        0.000000        0.000002
   923      189.562878        0.000000      189.562878        0.000000        0.000004
   924      188.937418        0.000000      188.937418        0.000000        0.000005
   925      189.772762        0.000000      189.772762        0.000000        0.000002
   926      189.354002        0.000000      189.354002        0.000000        0.000005
   927      188.983268        0.000000      188.983268        0.000000        0.000006
   928      189.759653        0.000000      189.759653        0.000000        0.000006
   929      189.970465        0.000000      189.970465        0.000000        0.000002
   930      189.465642        0.000000      189.465642        0.000000        0.000003
   931      189.331958        0.000000      189.331958        0.000000        0.000004
   932      188.290722        0.000000      188.290722        0.000000        0.000008
   933      191.360233        0.049320      240.679811        0.000000        0.000004
   934      189.592835        0.000000      189.592835        0.000000        0.000004
   935      189.222036        0.000000      189.222036        0.000000        0.000003
   936      190.834189        0.000000      190.834189        0.000000        0.000003
   937      189.533695        0.000000      189.533695        0.000000        0.000007
   938      189.585774        0.000000      189.585774        0.000000        0.000003
   939      189.658790        0.000000      189.658790        0.000000        0.000005
   940      189.354394        0.000000      189.354394        0.000000        0.000003
   941      189.719336        0.000000      189.719336        0.000000        0.000004
   942      189.353511        0.000000      189.353511        0.000000        0.000003
   943      189.149821        0.000000      189.149821        0.000000        0.000007
   944      189.778336        0.000000      189.778336        0.000000        0.000004
   945      189.752173        0.000000      189.752173        0.000000        0.000004
   946      189.337411        0.000000      189.337411        0.000000        0.000006
   947      189.177356        0.000000      189.177356        0.000000        0.000006
   948      189.887718        0.000000      189.887718        0.000000        0.000003
   949      189.375705        0.000000      189.375705        0.000000        0.000007
   950      188.764175        0.000000      188.764175        0.000000        0.000006
   951      189.452330        0.000000      189.452330        0.000000        0.000004
   952      188.864224        0.000000      188.864224        0.000000        0.000005
   953      189.221957        0.000000      189.221957        0.000000        0.000003
   954      189.650156        0.000000      189.650156        0.000000        0.000005
   955      189.834310        0.000000      189.834310        0.000000        0.000004
   956      188.768827        0.000000      188.768827        0.000000        0.000005
   957      189.304479        0.000000      189.304479        0.000000        0.000005
   958      188.963158        0.000000      188.963158        0.000000        0.000003
   959      189.717302        0.000000      189.717302        0.000000        0.000004
   960      189.359204        0.000000      189.359204        0.000000        0.000005
   961      189.613924        0.000000      189.613924        0.000000        0.000008
   962      189.871601        0.000000      189.871601        0.000000        0.000003
   963      189.972959        0.000000      189.972959        0.000000        0.000003
   964      190.199136        0.000000      190.199136        0.000000        0.000005
   965      190.251830        0.000000      190.251830        0.000000        0.000003
   966      188.991604        0.000000      188.991604        0.000000        0.000009
   967      189.787014        0.000000      189.787014        0.000000        0.000003
   968      190.035650        0.000000      190.035650        0.000000        0.000005
   969      190.391108        0.000000      190.391108        0.000000        0.000003
   970      189.893169        0.000000      189.893169        0.000000        0.000002
   971      188.987648        0.000000      188.987648        0.000000        0.000005
   972      189.146422        0.000000      189.146422        0.000000        0.000004
   973      189.307111        0.000000      189.307111        0.000000        0.000005
   974      189.069169        0.000000      189.069169        0.000000        0.000003
   975      189.360304        0.000000      189.360304        0.000000        0.000004
   976      189.927739        0.000000      189.927739        0.000000        0.000004
   977      189.065497        0.000000      189.065497        0.000000        0.000005
   978      190.540585        0.000000      190.540585        0.000000        0.000005
   979      190.297361        0.000000      190.297361        0.000000        0.000003
   980      189.717859        0.000000      189.717859        0.000000        0.000002
   981      189.379849        0.000000      189.379849        0.000000        0.000003
   982      189.117919        0.000000      189.117919        0.000000        0.000008
   983      189.947865        0.000000      189.947865        0.000000        0.000005
   984      189.636778        0.000000      189.636778        0.000000        0.000003
   985      189.598905        0.000000      189.598905        0.000000        0.000005
   986      189.902868        0.000000      189.902868        0.000000        0.000004
   987      189.304949        0.000000      189.304949        0.000000        0.000004
   988      189.002450        0.000000      189.002450        0.000000        0.000006
   989      189.143194        0.000000      189.143194        0.000000        0.000004
   990      189.049707        0.000000      189.049707        0.000000        0.000003
   991      189.245295        0.000000      189.245295        0.000000        0.000004
   992      189.450146        0.000000      189.450146        0.000000        0.000004
   993      189.174398        0.000000      189.174398        0.000000        0.000005
   994      189.256606        0.000000      189.256606        0.000000        0.000004
   995      189.303222        0.000000      189.303222        0.000000        0.000006
   996      190.439508        0.000000      190.439508        0.000000        0.000004
   997      189.213208        0.000000      189.213208        0.000000        0.000004
   998      188.519849        0.000000      188.519849        0.000000        0.000005
   999      189.895404        0.000000      189.895404        0.000000        0.000004
  1000      188.340181        0.000000      188.340181        0.000000        0.000004
