     1      187.948757        0.000000      187.948757        0.000000        0.000009
     2      188.075644        0.000000      188.075644        0.000000        0.000006
     3      188.415066        0.000000      188.415066        0.000000        0.000006
     4      188.130664        0.000000      188.130664        0.000000        0.000006
     5      188.287125        0.000000      188.287125        0.000000        0.000008
     6      188.282634        0.000000      188.282634        0.000000        0.000006
     7      188.843605        0.000000      188.843605        0.000000        0.000006
     8      189.075371        0.000000      189.075371        0.000000        0.000006
     9      188.042343        0.000000      188.042343        0.000000        0.000008
    10      188.673777        0.000000      188.673777        0.000000        0.000004
    11      187.907513        0.000000      187.907513        0.000000        0.000007
    12      188.734827        0.000000      188.734827        0.000000        0.000009
    13      188.962965        0.000000      188.962965        0.000000        0.000005
    14      188.148900        0.000000      188.148900        0.000000        0.000008
    15      188.832915        0.000000      188.832915        0.000000        0.000007
    16      188.477947        0.000000      188.477947        0.000000        0.000008
    17      188.748103        0.000000      188.748103        0.000000        0.000007
    18      188.695157        0.000000      188.695157        0.000000        0.000006
    19      187.464039        0.000000      187.464039        0.000000        0.000010
    20      188.428268        0.000000      188.428268        0.000000        0.000005
    21      188.215819        0.000000      188.215819        0.000000        0.000009
    22      188.777932        0.000000      188.777932        0.000000        0.000006
    23      188.548877        0.000000      188.548877        0.000000        0.000005
    24      189.007164        0.000000      189.007164        0.000000        0.000004
    25      189.050333        0.000000      189.050333        0.000000        0.000006
    26      188.630445        0.000000      188.630445        0.000000        0.000006
    27      188.915178        0.000000      188.915178        0.000000        0.000008
    28      188.402906        0.000000      188.402906        0.000000        0.000006
    29      188.112316        0.000000      188.112316        0.000000        0.000006
    30      188.781811        0.000000      188.781811        0.000000        0.000005
    31      188.588063        0.000000      188.588063        0.000000        0.000007
    32      188.307815        0.000000      188.307815        0.000000        0.000008
    33      188.630817        0.000000      188.630817        0.000000        0.000006
    34      188.354884        0.000000      188.354884        0.000000        0.000008
    35      187.762353        0.000000      187.762353        0.000000        0.000009
    36      187.356081        0.000000      187.356081        0.000000        0.000007
    37      188.216379        0.000000      188.216379        0.000000        0.000008
    38      188.644334        0.000000      188.644334        0.000000        0.000005
    39      188.319046        0.000000      188.319046        0.000000        0.000006
    40      187.700258        0.125699      313.399679        0.000000        0.000011
    41      188.670846        0.000000      188.670846        0.000000        0.000006
    42      188.112727        0.000000      188.112727        0.000000        0.000006
    43      188.801023        0.000000      188.801023        0.000000        0.000007
    44      189.199874        0.000000      189.199874        0.000000        0.000005
    45      188.544306        0.000000      188.544306        0.000000        0.000006
    46      188.116716        0.000000      188.116716        0.000000        0.000008
    47      188.542916        0.000000      188.542916        0.000000        0.000007
    48      188.914680        0.000000      188.914680        0.000000        0.000007
    49      189.156667        0.000000      189.156667        0.000000        0.000006
    50      188.386318        0.000000      188.386318        0.000000        0.000006
    51      187.649877        0.000000      187.649877        0.000000        0.000007
    52      188.514951        0.000000      188.514951        0.000000        0.000006
    53      187.983901        0.000000      187.983901        0.000000        0.000009
    54      188.349689        0.000000      188.349689        0.000000        0.000006
    55      187.588039        0.000000      187.588039        0.000000        0.000008
    56      188.355544        0.000000      188.355544        0.000000        0.000006
    57      188.122434        0.000000      188.122434        0.000000        0.000005
    58      188.178862        0.000000      188.178862        0.000000        0.000007
    59      188.348143        0.000000      188.348143        0.000000        0.000008
    60      188.352696        0.000000      188.352696        0.000000        0.000005
    61      188.032035        0.000000      188.032035        0.000000        0.000006
    62      187.826366        0.000000      187.826366        0.000000        0.000006
    63      188.406198        0.000000      188.406198        0.000000        0.000006
    64      188.503456        0.000000      188.503456        0.000000        0.000006
    65      187.882990        0.000000      187.882990        0.000000        0.000007
    66      188.629159        0.000000      188.629159        0.000000        0.000008
    67      188.029221        0.000000      188.029221        0.000000        0.000008
    68      188.666507        0.000000      188.666507        0.000000        0.000007
    69      189.096639        0.000000      189.096639        0.000000        0.000005
    70      188.175603        0.000000      188.175603        0.000000        0.000004
    71      188.456924        0.000000      188.456924        0.000000        0.000008
    72      187.669339        0.000000      187.669339        0.000000        0.000006
    73      187.215527        0.171515      358.730243        0.000000        0.000012
    74      187.913425        0.000000      187.913425        0.000000        0.000008
    75      188.736956        0.000000      188.736956        0.000000        0.000005
    76      187.742626        0.195093      382.835548        0.000000        0.000012
    77      188.703584        0.000000      188.703584        0.000000        0.000004
    78      188.833153        0.000000      188.833153        0.000000        0.000005
    79      188.724960        0.000000      188.724960        0.000000        0.000008
    80      188.413144        0.000000      188.413144        0.000000        0.000008
    81      188.450826        0.000000      188.450826        0.000000        0.000006
    82      188.001023        0.000000      188.001023        0.000000        0.000010
    83      187.918288        0.000000      187.918288        0.000000        0.000008
    84      188.201562        0.000000      188.201562        0.000000        0.000005
    85      188.472280        0.000000      188.472280        0.000000        0.000006
    86      188.487942        0.000000      188.487942        0.000000        0.000005
    87      188.571624        0.000000      188.571624        0.000000        0.000004
    88      188.555194        0.000000      188.555194        0.000000        0.000006
    89      188.489369        0.023107      211.596363        0.000000        0.000010
    90      187.677592        0.000000      187.677592        0.000000        0.000006
    91      187.895767        0.000000      187.895767        0.000000        0.000009
    92      188.619616        0.000000      188.619616        0.000000        0.000006
    93      188.901315        0.000000      188.901315        0.000000        0.000006
    94      189.243369        0.000000      189.243369        0.000000        0.000006
    95      188.051646        0.000000      188.051646        0.000000        0.000008
    96      188.249813        0.000000      188.249813        0.000000        0.000007
    97      187.927137        0.000000      187.927137        0.000000        0.000007
    98      188.531462        0.000000      188.531462        0.000000        0.000006
    99      188.317436        0.000000      188.317436        0.000000        0.000008
   100      188.317024        0.000000      188.317024        0.000000        0.000007
   101      188.273086        0.000000      188.273086        0.000000        0.000006
   102      188.381625        0.000000      188.381625        0.000000        0.000005
   103      188.848285        0.000000      188.848285        0.000000        0.000005
   104      187.628539        0.000000      187.628539        0.000000        0.000009
   105      188.513223        0.000000      188.513223        0.000000        0.000007
   106      188.881027        0.000000      188.881027        0.000000        0.000005
   107      188.391940        0.000000      188.391940        0.000000        0.000006
   108      188.499055        0.000000      188.499055        0.000000        0.000006
   109      188.290281        0.000000      188.290281        0.000000        0.000008
   110      188.106283        0.000000      188.106283        0.000000        0.000005
   111      187.959992        0.000000      187.959992        0.000000        0.000005
   112      188.590325        0.000000      188.590325        0.000000        0.000005
   113      188.451623        0.000000      188.451623        0.000000        0.000007
   114      187.346202        0.000000      187.346202        0.000000        0.000008
   115      189.303912        0.000000      189.303912        0.000000        0.000005
   116      188.820208        0.000000      188.820208        0.000000        0.000006
   117      188.853200        0.000000      188.853200        0.000000        0.000006
   118      188.627468        0.000000      188.627468        0.000000        0.000006
   119      188.391232        0.242416      430.806938        0.000000        0.000012
   120      188.111652        0.000000      188.111652        0.000000        0.000006
   121      187.798600        0.000000      187.798600        0.000000        0.000007
   122      188.930783        0.000000      188.930783        0.000000        0.000007
   123      188.214330        0.000000      188.214330        0.000000        0.000006
   124      187.983814        0.000000      187.983814        0.000000        0.000005
   125      189.095058        0.000000      189.095058        0.000000        0.000007
   126      188.562663        0.000000      188.562663        0.000000        0.000007
   127      187.906674        0.000000      187.906674        0.000000        0.000006
   128      188.503747        0.000000      188.503747        0.000000        0.000006
   129      188.421940        0.000000      188.421940        0.000000        0.000009
   130      188.536494        0.000000      188.536494        0.000000        0.000007
   131      188.836132        0.000000      188.836132        0.000000        0.000006
   132      188.737328        0.000000      188.737328        0.000000        0.000005
   133      187.959682        0.000000      187.959682        0.000000        0.000008
   134      188.670050        0.000000      188.670050        0.000000        0.000006
   135      188.482666        0.000000      188.482666        0.000000        0.000009
   136      187.896236        0.000000      187.896236        0.000000        0.000009
   137      187.571237        0.000000      187.571237        0.000000        0.000009
   138      188.094145        0.000000      188.094145        0.000000        0.000009
   139      188.717846        0.000000      188.717846        0.000000        0.000004
   140      187.581875        0.000000      187.581875        0.000000        0.000008
   141      188.610549        0.000000      188.610549        0.000000        0.000005
   142      188.272874        0.000000      188.272874        0.000000        0.000007
   143      188.196870        0.000000      188.196870        0.000000        0.000007
   144      188.321983        0.000000      188.321983        0.000000        0.000007
   145      188.207323        0.000000      188.207323        0.000000        0.000005
   146      187.934777        0.000000      187.934777        0.000000        0.000006
   147      188.605763        0.000000      188.605763        0.000000        0.000007
   148      188.325674        0.000000      188.325674        0.000000        0.000006
   149      188.423690        0.000000      188.423690        0.000000        0.000009
   150      187.791040        0.000000      187.791040        0.000000        0.000007
   151      189.308290        0.000000      189.308290        0.000000        0.000007
   152      188.246421        0.000000      188.246421        0.000000        0.000007
   153      187.966127        0.000000      187.966127        0.000000        0.000009
   154      188.908192        0.000000      188.908192        0.000000        0.000007
   155      188.466203        0.000000      188.466203        0.000000        0.000007
   156      188.147988        0.000000      188.147988        0.000000        0.000005
   157      188.319542        0.000000      188.319542        0.000000        0.000005
   158      188.854912        0.000000      188.854912        0.000000        0.000005
   159      189.184871        0.000000      189.184871        0.000000        0.000004
   160      189.363335        0.000000      189.363335        0.000000        0.000005
   161      188.469711        0.000000      188.469711        0.000000        0.000005
   162      188.842095        0.000000      188.842095        0.000000        0.000008
   163      187.832334        0.000000      187.832334        0.000000        0.000010
   164      187.975908        0.000000      187.975908        0.000000        0.000006
   165      187.786844        0.000000      187.786844        0.000000        0.000010
   166      188.341155        0.000000      188.341155        0.000000        0.000006
   167      189.077848        0.000000      189.077848        0.000000        0.000009
   168      189.052417        0.000000      189.052417        0.000000        0.000007
   169      189.083247        0.000000      189.083247        0.000000        0.000005
   170      188.555436        0.000000      188.555436        0.000000        0.000005
   171      188.863693        0.000000      188.863693        0.000000        0.000005
   172      187.775566        0.000000      187.775566        0.000000        0.000008
   173      187.704079        0.000000      187.704079        0.000000        0.000006
   174      188.543713        0.000000      188.543713        0.000000        0.000007
   175      188.517214        0.000000      188.517214        0.000000        0.000005
   176      188.533148        0.000000      188.533148        0.000000        0.000007
   177      188.675827        0.000000      188.675827        0.000000        0.000007
   178      188.485704        0.000000      188.485704        0.000000        0.000007
   179      188.558156        0.000000      188.558156        0.000000        0.000006
   180      187.878728        0.000000      187.878728        0.000000        0.000008
   181      188.317833        0.000000      188.317833        0.000000        0.000005
   182      188.436295        0.000000      188.436295        0.000000        0.000006
   183      188.008682        0.000000      188.008682        0.000000        0.000007
   184      187.966128        0.000000      187.966128        0.000000        0.000008
   185      187.805913        0.000000      187.805913        0.000000        0.000007
   186      188.497052        0.000000      188.497052        0.000000        0.000004
   187      188.234360        0.000000      188.234360        0.000000        0.000008
   188      188.058468        0.000000      188.058468        0.000000        0.000007
   189      188.118474        0.000000      188.118474        0.000000        0.000007
   190      188.790651        0.000000      188.790651        0.000000        0.000004
   191      187.733290        0.000000      187.733290        0.000000        0.000007
   192      188.743162        0.000000      188.743162        0.000000        0.000005
   193      188.253846        0.000000      188.253846        0.000000        0.000007
   194      189.242097        0.000000      189.242097        0.000000        0.000007
   195      189.060026        0.000000      189.060026        0.000000        0.000008
   196      188.642110        0.000000      188.642110        0.000000        0.000005
   197      188.991813        0.000000      188.991813        0.000000        0.000008
   198      188.170031        0.000000      188.170031        0.000000        0.000005
   199      188.038284        0.000000      188.038284        0.000000        0.000007
   200      188.394118        0.000000      188.394118        0.000000        0.000007
   201      189.299953        0.000000      189.299953        0.000000        0.000007
   202      188.550776        0.000000      188.550776        0.000000        0.000006
   203      188.609380        0.000000      188.609380        0.000000        0.000005
   204      188.827384        0.000000      188.827384        0.000000        0.000005
   205      187.519561        0.000000      187.519561        0.000000        0.000008
   206      187.878609        0.000000      187.878609        0.000000        0.000007
   207      188.816611        0.000000      188.816611        0.000000        0.000006
   208      188.570999        0.000000      188.570999        0.000000        0.000008
   209      187.794448        0.000000      187.794448        0.000000        0.000007
   210      188.313462        0.000000      188.313462        0.000000        0.000006
   211      188.069784        0.000000      188.069784        0.000000        0.000006
   212      187.542838        0.000000      187.542838        0.000000        0.000009
   213      188.496415        0.000000      188.496415        0.000000        0.000007
   214      187.909247        0.000000      187.909247        0.000000        0.000007
   215      188.606453        0.000000      188.606453        0.000000        0.000005
   216      189.413694        0.000000      189.413694        0.000000        0.000004
   217      188.082528        0.000000      188.082528        0.000000        0.000007
   218      189.111533        0.000000      189.111533        0.000000        0.000004
   219      187.523206        0.000000      187.523206        0.000000        0.000010
   220      188.160954        0.179933      368.094003        0.000000        0.000012
   221      187.914830        0.000000      187.914830        0.000000        0.000007
   222      188.160416        0.000000      188.160416        0.000000        0.000006
   223      188.121916        0.000000      188.121916        0.000000        0.000005
   224      188.186203        0.000000      188.186203        0.000000        0.000004
   225      187.446764        0.139475      326.921447        0.000000        0.000011
   226      187.690508        0.000000      187.690508        0.000000        0.000006
   227      188.844133        0.000000      188.844133        0.000000        0.000004
   228      188.304094        0.000000      188.304094        0.000000        0.000006
   229      188.572714        0.000000      188.572714        0.000000        0.000005
   230      187.690897        0.000000      187.690897        0.000000        0.000007
   231      188.530860        0.000000      188.530860        0.000000        0.000004
   232      187.621298        0.000000      187.621298        0.000000        0.000009
   233      188.507086        0.000000      188.507086        0.000000        0.000005
   234      188.380905        0.000000      188.380905        0.000000        0.000007
   235      189.016211        0.000000      189.016211        0.000000        0.000005
   236      188.113755        0.000000      188.113755        0.000000        0.000004
   237      188.246547        0.000000      188.246547        0.000000        0.000006
   238      187.810498        0.000000      187.810498        0.000000        0.000007
   239      188.330355        0.000000      188.330355        0.000000        0.000006
   240      188.619299        0.000000      188.619299        0.000000        0.000006
   241      188.369274        0.000000      188.369274        0.000000        0.000004
   242      188.279849        0.000000      188.279849        0.000000        0.000006
   243      188.939059        0.000000      188.939059        0.000000        0.000005
   244      188.759084        0.000000      188.759084        0.000000        0.000008
   245      187.918541        0.000000      187.918541        0.000000        0.000006
   246      187.942817        0.000000      187.942817        0.000000        0.000010
   247      189.065989        0.000000      189.065989        0.000000        0.000004
   248      187.958556        0.000000      187.958556        0.000000        0.000006
   249      187.939828        0.000000      187.939828        0.000000        0.000005
   250      188.710783        0.000000      188.710783        0.000000        0.000005
   251      188.688456        0.000000      188.688456        0.000000        0.000005
   252      188.260921        0.000000      188.260921        0.000000        0.000005
   253      189.682787        0.000000      189.682787        0.000000        0.000008
   254      188.203855        0.000000      188.203855        0.000000        0.000005
   255      188.252777        0.112765      301.017477        0.000000        0.000011
   256      188.715813        0.000000      188.715813        0.000000        0.000008
   257      188.638442        0.000000      188.638442        0.000000        0.000004
   258      189.050309        0.000000      189.050309        0.000000        0.000004
   259      188.354777        0.000000      188.354777        0.000000        0.000005
   260      188.744497        0.000000      188.744497        0.000000        0.000006
   261      187.828256        0.000000      187.828256        0.000000        0.000006
   262      187.818031        0.000000      187.818031        0.000000        0.000008
   263      188.499366        0.000000      188.499366        0.000000        0.000008
   264      188.281234        0.000000      188.281234        0.000000        0.000007
   265      188.716613        0.000000      188.716613        0.000000        0.000006
   266      187.929585        0.000000      187.929585        0.000000        0.000007
   267      188.530483        0.000000      188.530483        0.000000        0.000006
   268      188.472275        0.000000      188.472275        0.000000        0.000006
   269      188.981407        0.000000      188.981407        0.000000        0.000005
   270      188.082138        0.000000      188.082138        0.000000        0.000006
   271      188.428571        0.000000      188.428571        0.000000        0.000008
   272      188.554379        0.000000      188.554379        0.000000        0.000004
   273      188.384348        0.000000      188.384348        0.000000        0.000007
   274      188.346431        0.000000      188.346431        0.000000        0.000006
   275      188.730244        0.000000      188.730244        0.000000        0.000006
   276      187.959769        0.000000      187.959769        0.000000        0.000006
   277      187.979181        0.000000      187.979181        0.000000        0.000007
   278      188.454419        0.000000      188.454419        0.000000        0.000006
   279      187.985042        0.000000      187.985042        0.000000        0.000006
   280      188.325000        0.000000      188.325000        0.000000        0.000010
   281      188.583479        0.000000      188.583479        0.000000        0.000006
   282      188.305621        0.000000      188.305621        0.000000        0.000005
   283      188.542185        0.000000      188.542185        0.000000        0.000005
   284      188.031506        0.000000      188.031506        0.000000        0.000008
   285      188.037816        0.000000      188.037816        0.000000        0.000006
   286      188.569787        0.000000      188.569787        0.000000        0.000008
   287      188.560163        0.000000      188.560163        0.000000        0.000007
   288      188.411420        0.000000      188.411420        0.000000        0.000006
   289      188.033851        0.000000      188.033851        0.000000        0.000006
   290      188.347649        0.000000      188.347649        0.000000        0.000005
   291      188.342676        0.000000      188.342676        0.000000        0.000005
   292      187.855154        0.000000      187.855154        0.000000        0.000009
   293      188.465019        0.000000      188.465019        0.000000        0.000006
   294      187.853263        0.000000      187.853263        0.000000        0.000008
   295      187.736816        0.000000      187.736816        0.000000        0.000009
   296      188.620552        0.000000      188.620552        0.000000        0.000007
   297      188.726420        0.000000      188.726420        0.000000        0.000006
   298      188.011430        0.000000      188.011430        0.000000        0.000008
   299      189.026184        0.000000      189.026184        0.000000        0.000005
   300      188.661880        0.000000      188.661880        0.000000        0.000006
   301      187.933133        0.000000      187.933133        0.000000        0.000006
   302      188.369892        0.000000      188.369892        0.000000        0.000006
   303      187.974426        0.000000      187.974426        0.000000        0.000008
   304      188.477095        0.000000      188.477095        0.000000        0.000005
   305      188.515740        0.000000      188.515740        0.000000        0.000007
   306      188.590578        0.000000      188.590578        0.000000        0.000004
   307      188.182422        0.000000      188.182422        0.000000        0.000006
   308      187.684340        0.000000      187.684340        0.000000        0.000007
   309      189.084659        0.000000      189.084659        0.000000        0.000007
   310      188.811301        0.000000      188.811301        0.000000        0.000005
   311      188.198163        0.166545      354.742826        0.000000        0.000012
   312      187.274323        0.017088      204.361878        0.000000        0.000010
   313      188.199847        0.000000      188.199847        0.000000        0.000007
   314      189.181631        0.000000      189.181631        0.000000        0.000004
   315      187.933759        0.000000      187.933759        0.000000        0.000007
   316      187.919020        0.000000      187.919020        0.000000        0.000010
   317      188.700776        0.000000      188.700776        0.000000        0.000006
   318      188.217212        0.000000      188.217212        0.000000        0.000007
   319      188.083566        0.000000      188.083566        0.000000        0.000007
   320      187.771854        0.000000      187.771854        0.000000        0.000009
   321      188.858785        0.000000      188.858785        0.000000        0.000005
   322      188.118189        0.000000      188.118189        0.000000        0.000007
   323      187.926470        0.000000      187.926470        0.000000        0.000007
   324      188.672241        0.000000      188.672241        0.000000        0.000005
   325      189.104360        0.000000      189.104360        0.000000        0.000005
   326      187.844498        0.077693      265.537788        0.000000        0.000011
   327      187.737673        0.157249      344.986702        0.000000        0.000012
   328      188.511524        0.000000      188.511524        0.000000        0.000006
   329      188.179535        0.000000      188.179535        0.000000        0.000006
   330      187.988330        0.000000      187.988330        0.000000        0.000006
   331      188.068605        0.000000      188.068605        0.000000        0.000008
   332      187.749009        0.000000      187.749009        0.000000        0.000007
   333      188.164730        0.000000      188.164730        0.000000        0.000007
   334      188.107635        0.000000      188.107635        0.000000        0.000009
   335      188.529104        0.000000      188.529104        0.000000        0.000006
   336      188.116727        0.000000      188.116727        0.000000        0.000007
   337      188.109558        0.000000      188.109558        0.000000        0.000005
   338      188.088745        0.000000      188.088745        0.000000        0.000005
   339      188.210588        0.000000      188.210588        0.000000        0.000007
   340      187.918011        0.000000      187.918011        0.000000        0.000008
   341      187.995085        0.000000      187.995085        0.000000        0.000006
   342      188.185939        0.000000      188.185939        0.000000        0.000007
   343      188.202551        0.000000      188.202551        0.000000        0.000006
   344      187.701004        0.155305      343.006328        0.000000        0.000012
   345      188.010070        0.000000      188.010070        0.000000        0.000009
   346      188.007726        0.000000      188.007726        0.000000        0.000008
   347      188.847616        0.000000      188.847616        0.000000        0.000007
   348      188.718461        0.000000      188.718461        0.000000        0.000006
   349      188.361221        0.000000      188.361221        0.000000        0.000006
   350      188.176448        0.000000      188.176448        0.000000        0.000007
   351      187.326140        0.000000      187.326140        0.000000        0.000009
   352      189.182560        0.000000      189.182560        0.000000        0.000006
   353      189.312605        0.000000      189.312605        0.000000        0.000007
   354      188.392997        0.000000      188.392997        0.000000        0.000006
   355      188.418123        0.000000      188.418123        0.000000        0.000005
   356      188.086197        0.000000      188.086197        0.000000        0.000007
   357      187.465236        0.055447      242.911882        0.000000        0.000011
   358      189.079497        0.000000      189.079497        0.000000        0.000007
   359      187.971962        0.000000      187.971962        0.000000        0.000007
   360      188.730003        0.000000      188.730003        0.000000        0.000007
   361      188.591832        0.000000      188.591832        0.000000        0.000007
   362      187.823012        0.000000      187.823012        0.000000        0.000007
   363      187.889057        0.000000      187.889057        0.000000        0.000005
   364      188.293885        0.000000      188.293885        0.000000        0.000008
   365      188.684816        0.000000      188.684816        0.000000        0.000007
   366      188.816965        0.000000      188.816965        0.000000        0.000007
   367      188.444820        0.000000      188.444820        0.000000        0.000006
   368      188.648979        0.000000      188.648979        0.000000        0.000006
   369      188.837421        0.000000      188.837421        0.000000        0.000007
   370      188.177347        0.000000      188.177347        0.000000        0.000007
   371      187.527316        0.000000      187.527316        0.000000        0.000008
   372      188.301029        0.000000      188.301029        0.000000        0.000007
   373      188.056378        0.000000      188.056378        0.000000        0.000006
   374      188.996662        0.000000      188.996662        0.000000        0.000006
   375      188.549412        0.000000      188.549412        0.000000        0.000008
   376      188.720119        0.000000      188.720119        0.000000        0.000005
   377      188.245660        0.000000      188.245660        0.000000        0.000004
   378      188.574065        0.000000      188.574065        0.000000        0.000007
   379      188.470489        0.000000      188.470489        0.000000        0.000005
   380      188.176623        0.000000      188.176623        0.000000        0.000005
   381      188.649003        0.000000      188.649003        0.000000        0.000004
   382      188.062358        0.000000      188.062358        0.000000        0.000005
   383      188.268197        0.000000      188.268197        0.000000        0.000009
   384      188.272835        0.000000      188.272835        0.000000        0.000005
   385      188.189683        0.000000      188.189683        0.000000        0.000008
   386      188.574619        0.000000      188.574619        0.000000        0.000008
   387      188.183452        0.000000      188.183452        0.000000        0.000006
   388      188.615575        0.000000      188.615575        0.000000        0.000006
   389      188.562483        0.000000      188.562483        0.000000        0.000008
   390      187.981708        0.000000      187.981708        0.000000        0.000008
   391      188.606408        0.000000      188.606408        0.000000        0.000004
   392      188.985795        0.000000      188.985795        0.000000        0.000006
   393      189.165170        0.000000      189.165170        0.000000        0.000006
   394      187.847719        0.000000      187.847719        0.000000        0.000009
   395      188.307386        0.000000      188.307386        0.000000        0.000006
   396      188.718886        0.000000      188.718886        0.000000        0.000007
   397      187.828625        0.000000      187.828625        0.000000        0.000008
   398      188.155704        0.000000      188.155704        0.000000        0.000008
   399      188.404123        0.000000      188.404123        0.000000        0.000007
   400      188.594456        0.000000      188.594456        0.000000        0.000009
   401      188.635916        0.000000      188.635916        0.000000        0.000006
   402      188.050523        0.000000      188.050523        0.000000        0.000006
   403      187.865579        0.000000      187.865579        0.000000        0.000006
   404      187.567290        0.000000      187.567290        0.000000        0.000008
   405      188.553343        0.000000      188.553343        0.000000        0.000006
   406      188.434058        0.000000      188.434058        0.000000        0.000009
   407      187.913600        0.000000      187.913600        0.000000        0.000006
   408      188.374783        0.000000      188.374783        0.000000        0.000006
   409      188.499989        0.000000      188.499989        0.000000        0.000005
   410      188.423758        0.000000      188.423758        0.000000        0.000005
   411      188.710073        0.000000      188.710073        0.000000        0.000004
   412      188.237494        0.000000      188.237494        0.000000        0.000008
   413      188.597573        0.000000      188.597573        0.000000        0.000006
   414      188.179131        0.000000      188.179131        0.000000        0.000006
   415      188.026864        0.000000      188.026864        0.000000        0.000005
   416      188.305345        0.000000      188.305345        0.000000        0.000007
   417      188.172679        0.000000      188.172679        0.000000        0.000006
   418      188.410740        0.000000      188.410740        0.000000        0.000006
   419      187.863007        0.000000      187.863007        0.000000        0.000008
   420      187.954502        0.000000      187.954502        0.000000        0.000006
   421      189.117438        0.000000      189.117438        0.000000        0.000006
   422      188.344907        0.000000      188.344907        0.000000        0.000009
   423      188.098857        0.000000      188.098857        0.000000        0.000008
   424      188.444113        0.000000      188.444113        0.000000        0.000004
   425      188.612833        0.000000      188.612833        0.000000        0.000006
   426      188.268994        0.000000      188.268994        0.000000        0.000004
   427      187.652980        0.000000      187.652980        0.000000        0.000008
   428      187.979175        0.000000      187.979175        0.000000        0.000008
   429      188.787525        0.000000      188.787525        0.000000        0.000004
   430      188.720106        0.000000      188.720106        0.000000        0.000004
   431      188.387079        0.000000      188.387079        0.000000        0.000008
   432      188.722633        0.000000      188.722633        0.000000        0.000005
   433      188.543869        0.000000      188.543869        0.000000        0.000007
   434      188.797089        0.000000      188.797089        0.000000        0.000007
   435      188.571585        0.000000      188.571585        0.000000        0.000004
   436      187.925600        0.000000      187.925600        0.000000        0.000006
   437      188.406053        0.000000      188.406053        0.000000        0.000005
   438      188.251875        0.004975      193.226966        0.000000        0.000010
   439      188.846923        0.000000      188.846923        0.000000        0.000006
   440      188.443695        0.000000      188.443695        0.000000        0.000007
   441      188.244061        0.000000      188.244061        0.000000        0.000007
   442      187.245297        0.000000      187.245297        0.000000        0.000010
   443      188.535053        0.000000      188.535053        0.000000        0.000008
   444      188.383081        0.000000      188.383081        0.000000        0.000005
   445      188.390206        0.000000      188.390206        0.000000        0.000008
   446      188.875743        0.000000      188.875743        0.000000        0.000005
   447      187.811583        0.000000      187.811583        0.000000        0.000008
   448      188.810179        0.000000      188.810179        0.000000        0.000006
   449      188.232229        0.000000      188.232229        0.000000        0.000006
   450      188.521310        0.000000      188.521310        0.000000        0.000007
   451      188.785572        0.000000      188.785572        0.000000        0.000005
   452      187.861627        0.000000      187.861627        0.000000        0.000008
   453      188.445195        0.000000      188.445195        0.000000        0.000007
   454      188.234253        0.000000      188.234253        0.000000        0.000006
   455      188.120574        0.000000      188.120574        0.000000        0.000010
   456      188.509361        0.000000      188.509361        0.000000        0.000007
   457      188.000823        0.000000      188.000823        0.000000        0.000008
   458      188.369342        0.000000      188.369342        0.000000        0.000006
   459      188.615624        0.000000      188.615624        0.000000        0.000004
   460      188.520304        0.000000      188.520304        0.000000        0.000005
   461      187.879590        0.000000      187.879590        0.000000        0.000008
   462      187.838734        0.000000      187.838734        0.000000        0.000005
   463      188.138001        0.000000      188.138001        0.000000        0.000008
   464      187.964457        0.000000      187.964457        0.000000        0.000008
   465      188.209291        0.000000      188.209291        0.000000        0.000006
   466      188.240201        0.000000      188.240201        0.000000        0.000006
   467      188.852010        0.000000      188.852010        0.000000        0.000004
   468      188.590976        0.000000      188.590976        0.000000        0.000005
   469      188.268178        0.000000      188.268178        0.000000        0.000006
   470      188.057134        0.000000      188.057134        0.000000        0.000008
   471      187.558208        0.000000      187.558208        0.000000        0.000009
   472      187.641498        0.000000      187.641498        0.000000        0.000008
   473      188.000420        0.000000      188.000420        0.000000        0.000007
   474      187.954180        0.000000      187.954180        0.000000        0.000005
   475      188.185693        0.000000      188.185693        0.000000        0.000007
   476      188.588194        0.000000      188.588194        0.000000        0.000005
   477      187.968521        0.000000      187.968521        0.000000        0.000006
   478      188.092181        0.000000      188.092181        0.000000        0.000008
   479      188.250843        0.000000      188.250843        0.000000        0.000008
   480      188.732228        0.000000      188.732228        0.000000        0.000006
   481      188.324400        0.000000      188.324400        0.000000        0.000005
   482      187.684404        0.000000      187.684404        0.000000        0.000008
   483      188.028840        0.000000      188.028840        0.000000        0.000009
   484      188.768018        0.000000      188.768018        0.000000        0.000005
   485      188.047443        0.000000      188.047443        0.000000        0.000008
   486      188.308227        0.000000      188.308227        0.000000        0.000007
   487      188.494267        0.000000      188.494267        0.000000        0.000005
   488      189.305533        0.000000      189.305533        0.000000        0.000004
   489      188.529154        0.000000      188.529154        0.000000        0.000006
   490      187.899664        0.000000      187.899664        0.000000        0.000009
   491      188.504203        0.000000      188.504203        0.000000        0.000006
   492      188.859186        0.000000      188.859186        0.000000        0.000004
   493      188.442924        0.000000      188.442924        0.000000        0.000005
   494      187.997910        0.000000      187.997910        0.000000        0.000007
   495      187.494311        0.000000      187.494311        0.000000        0.000007
   496      188.234563        0.000000      188.234563        0.000000        0.000004
   497      189.171387        0.000000      189.171387        0.000000        0.000004
   498      187.895817        0.000000      187.895817        0.000000        0.000009
   499      188.314449        0.000000      188.314449        0.000000        0.000008
   500      188.460436        0.000000      188.460436        0.000000        0.000007
   501      188.436736        0.000000      188.436736        0.000000        0.000007
   502      187.987857        0.000000      187.987857        0.000000        0.000006
   503      188.949507        0.000000      188.949507        0.000000        0.000005
   504      187.823105        0.000000      187.823105        0.000000        0.000008
   505      188.819228        0.000000      188.819228        0.000000        0.000006
   506      188.179657        0.000000      188.179657        0.000000        0.000006
   507      188.306040        0.000000      188.306040        0.000000        0.000007
   508      188.282552        0.000000      188.282552        0.000000        0.000007
   509      188.288995        0.000000      188.288995        0.000000        0.000009
   510      188.254049        0.000000      188.254049        0.000000        0.000006
   511      187.949144        0.000000      187.949144        0.000000        0.000006
   512      188.308046        0.000000      188.308046        0.000000        0.000007
   513      187.863749        0.000000      187.863749        0.000000        0.000005
   514      188.377320        0.000000      188.377320        0.000000        0.000007
   515      188.147061        0.000000      188.147061        0.000000        0.000007
   516      188.656313        0.000000      188.656313        0.000000        0.000006
   517      189.315898        0.000000      189.315898        0.000000        0.000006
   518      188.759513        0.000000      188.759513        0.000000        0.000006
   519      188.718518        0.000000      188.718518        0.000000        0.000004
   520      187.689824        0.000000      187.689824        0.000000        0.000006
   521      188.277165        0.000000      188.277165        0.000000        0.000004
   522      187.728391        0.000000      187.728391        0.000000        0.000010
   523      188.633569        0.000000      188.633569        0.000000        0.000004
   524      188.841470        0.000000      188.841470        0.000000        0.000008
   525      188.433266        0.000000      188.433266        0.000000        0.000008
   526      188.473284        0.192307      380.779878        0.000000        0.000012
   527      187.953624        0.000000      187.953624        0.000000        0.000006
   528      188.329925        0.000000      188.329925        0.000000        0.000006
   529      188.487228        0.000000      188.487228        0.000000        0.000008
   530      188.113760        0.000000      188.113760        0.000000        0.000008
   531      188.648669        0.000000      188.648669        0.000000        0.000005
   532      188.018851        0.000000      188.018851        0.000000        0.000009
   533      187.991884        0.033663      221.654509        0.000000        0.000010
   534      188.234923        0.000000      188.234923        0.000000        0.000007
   535      187.917332        0.000000      187.917332        0.000000        0.000007
   536      188.587891        0.000000      188.587891        0.000000        0.000005
   537      188.040166        0.000000      188.040166        0.000000        0.000008
   538      189.094893        0.000000      189.094893        0.000000        0.000007
   539      188.334057        0.000000      188.334057        0.000000        0.000006
   540      187.842953        0.000000      187.842953        0.000000        0.000009
   541      187.537007        0.000000      187.537007        0.000000        0.000010
   542      188.297630        0.000000      188.297630        0.000000        0.000007
   543      188.522115        0.000000      188.522115        0.000000        0.000006
   544      188.388614        0.000000      188.388614        0.000000        0.000006
   545      188.160831        0.000000      188.160831        0.000000        0.000007
   546      187.917359        0.000000      187.917359        0.000000        0.000007
   547      187.879247        0.000000      187.879247        0.000000        0.000009
   548      188.033409        0.000000      188.033409        0.000000        0.000008
   549      188.046795        0.000000      188.046795        0.000000        0.000006
   550      188.616761        0.000000      188.616761        0.000000        0.000007
   551      187.858024        0.000000      187.858024        0.000000        0.000007
   552      188.105769        0.000000      188.105769        0.000000        0.000006
   553      188.487798        0.000000      188.487798        0.000000        0.000005
   554      188.460197        0.000000      188.460197        0.000000        0.000006
   555      188.539607        0.000000      188.539607        0.000000        0.000005
   556      188.459239        0.000000      188.459239        0.000000        0.000007
   557      188.546864        0.000000      188.546864        0.000000        0.000007
   558      188.290975        0.000000      188.290975        0.000000        0.000007
   559      188.068284        0.000000      188.068284        0.000000        0.000006
   560      187.957336        0.000000      187.957336        0.000000        0.000006
   561      189.125577        0.000000      189.125577        0.000000        0.000004
   562      187.644691        0.000000      187.644691        0.000000        0.000005
   563      188.514394        0.000000      188.514394        0.000000        0.000007
   564      188.490080        0.000000      188.490080        0.000000        0.000006
   565      188.463553        0.000000      188.463553        0.000000        0.000008
   566      188.657995        0.000000      188.657995        0.000000        0.000004
   567      188.506866        0.000000      188.506866        0.000000        0.000007
   568      188.545516        0.000000      188.545516        0.000000        0.000008
   569      188.359992        0.000000      188.359992        0.000000        0.000009
   570      188.749516        0.000000      188.749516        0.000000        0.000006
   571      188.375713        0.000000      188.375713        0.000000        0.000006
   572      188.891506        0.000000      188.891506        0.000000        0.000005
   573      188.675480        0.000000      188.675480        0.000000        0.000004
   574      188.087200        0.000000      188.087200        0.000000        0.000007
   575      188.109313        0.000000      188.109313        0.000000        0.000008
   576      188.191365        0.000000      188.191365        0.000000        0.000009
   577      187.583101        0.129108      316.691347        0.000000        0.000011
   578      188.805924        0.000000      188.805924        0.000000        0.000006
   579      188.201178        0.000000      188.201178        0.000000        0.000007
   580      188.343328        0.000000      188.343328        0.000000        0.000006
   581      188.114366        0.000000      188.114366        0.000000        0.000006
   582      188.520402        0.000000      188.520402        0.000000        0.000006
   583      188.803165        0.000000      188.803165        0.000000        0.000007
   584      187.926665        0.000000      187.926665        0.000000        0.000009
   585      188.801268        0.000000      188.801268        0.000000        0.000007
   586      188.903484        0.000000      188.903484        0.000000        0.000005
   587      189.076114        0.000000      189.076114        0.000000        0.000005
   588      188.244747        0.000000      188.244747        0.000000        0.000009
   589      188.086849        0.000000      188.086849        0.000000        0.000005
   590      188.675904        0.000000      188.675904        0.000000        0.000007
   591      188.556338        0.000000      188.556338        0.000000        0.000009
   592      188.564450        0.000000      188.564450        0.000000        0.000006
   593      188.006216        0.000000      188.006216        0.000000        0.000004
   594      189.504063        0.000000      189.504063        0.000000        0.000003
   595      188.207169        0.000000      188.207169        0.000000        0.000008
   596      188.432969        0.000000      188.432969        0.000000        0.000006
   597      187.756749        0.000000      187.756749        0.000000        0.000005
   598      188.068172        0.000000      188.068172        0.000000        0.000006
   599      188.552926        0.000000      188.552926        0.000000        0.000006
   600      188.201455        0.000000      188.201455        0.000000        0.000006
   601      187.550609        0.000000      187.550609        0.000000        0.000007
   602      188.054610        0.000000      188.054610        0.000000        0.000008
   603      188.908722        0.000000      188.908722        0.000000        0.000006
   604      187.696366        0.000000      187.696366        0.000000        0.000006
   605      188.805435        0.000000      188.805435        0.000000        0.000005
   606      188.946764        0.000000      188.946764        0.000000        0.000007
   607      188.253056        0.000000      188.253056        0.000000        0.000009
   608      188.476034        0.000000      188.476034        0.000000        0.000008
   609      188.116016        0.000000      188.116016        0.000000        0.000006
   610      188.223035        0.000000      188.223035        0.000000        0.000006
   611      188.380140        0.000000      188.380140        0.000000        0.000008
   612      188.967852        0.000000      188.967852        0.000000        0.000008
   613      188.103785        0.000000      188.103785        0.000000        0.000008
   614      188.352100        0.000000      188.352100        0.000000        0.000008
   615      188.550323        0.000000      188.550323        0.000000        0.000006
   616      187.824158        0.000000      187.824158        0.000000        0.000008
   617      188.869703        0.000000      188.869703        0.000000        0.000006
   618      187.798178        0.000000      187.798178        0.000000        0.000007
   619      187.900167        0.000000      187.900167        0.000000        0.000006
   620      188.333909        0.000000      188.333909        0.000000        0.000009
   621      188.450841        0.000000      188.450841        0.000000        0.000004
   622      188.314001        0.000000      188.314001        0.000000        0.000005
   623      188.468206        0.000000      188.468206        0.000000        0.000008
   624      188.241152        0.000000      188.241152        0.000000        0.000007
   625      187.649168        0.000000      187.649168        0.000000        0.000007
   626      188.198115        0.000000      188.198115        0.000000        0.000008
   627      187.457379        0.000000      187.457379        0.000000        0.000010
   628      188.459399        0.000000      188.459399        0.000000        0.000006
   629      188.879860        0.000000      188.879860        0.000000        0.000005
   630      189.194022        0.000000      189.194022        0.000000        0.000004
   631      187.604316        0.097803      285.407061        0.000000        0.000011
   632      187.827463        0.000000      187.827463        0.000000        0.000007
   633      188.100710        0.000000      188.100710        0.000000        0.000004
   634      188.447905        0.000000      188.447905        0.000000        0.000005
   635      188.080141        0.000000      188.080141        0.000000        0.000006
   636      188.467904        0.000000      188.467904        0.000000        0.000006
   637      188.289509        0.000000      188.289509        0.000000        0.000007
   638      188.229034        0.000000      188.229034        0.000000        0.000009
   639      189.318817        0.000000      189.318817        0.000000        0.000004
   640      189.062049        0.000000      189.062049        0.000000        0.000005
   641      188.154722        0.000000      188.154722        0.000000        0.000007
   642      188.351179        0.000000      188.351179        0.000000        0.000006
   643      188.328193        0.000000      188.328193        0.000000        0.000009
   644      188.805303        0.000000      188.805303        0.000000        0.000010
   645      188.434328        0.000000      188.434328        0.000000        0.000005
   646      188.704182        0.000000      188.704182        0.000000        0.000007
   647      188.749153        0.000000      188.749153        0.000000        0.000008
   648      187.720131        0.000000      187.720131        0.000000        0.000007
   649      189.504247        0.000000      189.504247        0.000000        0.000004
   650      188.128672        0.033368      221.496456        0.000000        0.000010
   651      188.357582        0.000000      188.357582        0.000000        0.000006
   652      188.046856        0.000000      188.046856        0.000000        0.000007
   653      189.196464        0.000000      189.196464        0.000000        0.000005
   654      188.279050        0.000000      188.279050        0.000000        0.000008
   655      188.307598        0.000000      188.307598        0.000000        0.000007
   656      188.597230        0.000000      188.597230        0.000000        0.000007
   657      188.489316        0.000000      188.489316        0.000000        0.000007
   658      187.775132        0.000000      187.775132        0.000000        0.000005
   659      187.850687        0.000000      187.850687        0.000000        0.000007
   660      188.760831        0.000000      188.760831        0.000000        0.000007
   661      188.956547        0.000000      188.956547        0.000000        0.000007
   662      188.414735        0.000000      188.414735        0.000000        0.000006
   663      188.836823        0.000000      188.836823        0.000000        0.000004
   664      188.070006        0.000000      188.070006        0.000000        0.000006
   665      188.231440        0.000000      188.231440        0.000000        0.000006
   666      188.211036        0.000000      188.211036        0.000000        0.000006
   667      188.119807        0.000000      188.119807        0.000000        0.000007
   668      188.547596        0.000000      188.547596        0.000000        0.000006
   669      188.695754        0.000000      188.695754        0.000000        0.000004
   670      188.473694        0.000000      188.473694        0.000000        0.000005
   671      187.826124        0.000000      187.826124        0.000000        0.000008
   672      188.620723        0.000000      188.620723        0.000000        0.000006
   673      188.852901        0.000000      188.852901        0.000000        0.000005
   674      189.109650        0.000000      189.109650        0.000000        0.000005
   675      188.517691        0.000000      188.517691        0.000000        0.000005
   676      188.065624        0.000000      188.065624        0.000000        0.000007
   677      187.307113        0.042441      229.748204        0.000000        0.000010
   678      188.515609        0.000000      188.515609        0.000000        0.000007
   679      187.899094        0.000000      187.899094        0.000000        0.000007
   680      188.869357        0.000000      188.869357        0.000000        0.000005
   681      187.933991        0.000000      187.933991        0.000000        0.000006
   682      188.430485        0.000000      188.430485        0.000000        0.000007
   683      189.092867        0.000000      189.092867        0.000000        0.000005
   684      188.468079        0.000000      188.468079        0.000000        0.000005
   685      188.290134        0.000000      188.290134        0.000000        0.000007
   686      189.496758        0.000000      189.496758        0.000000        0.000006
   687      187.869512        0.000000      187.869512        0.000000        0.000009
   688      189.555556        0.000000      189.555556        0.000000        0.000009
   689      188.017842        0.000000      188.017842        0.000000        0.000008
   690      188.309815        0.000000      188.309815        0.000000        0.000004
   691      188.608071        0.000000      188.608071        0.000000        0.000006
   692      188.321744        0.000000      188.321744        0.000000        0.000006
   693      189.319032        0.000000      189.319032        0.000000        0.000006
   694      188.588961        0.000000      188.588961        0.000000        0.000007
   695      187.736782        0.000000      187.736782        0.000000        0.000009
   696      188.643861        0.000000      188.643861        0.000000        0.000005
   697      189.000882        0.000000      189.000882        0.000000        0.000007
   698      187.848805        0.000000      187.848805        0.000000        0.000009
   699      188.086316        0.000000      188.086316        0.000000        0.000007
   700      188.457039        0.000000      188.457039        0.000000        0.000008
   701      188.672657        0.000000      188.672657        0.000000        0.000009
   702      188.207757        0.000000      188.207757        0.000000        0.000008
   703      188.064735        0.000000      188.064735        0.000000        0.000006
   704      188.446653        0.000000      188.446653        0.000000        0.000009
   705      188.060650        0.000000      188.060650        0.000000        0.000007
   706      188.570722        0.000000      188.570722        0.000000        0.000004
   707      187.730560        0.000000      187.730560        0.000000        0.000008
   708      188.332832        0.000000      188.332832        0.000000        0.000007
   709      187.935553        0.000000      187.935553        0.000000        0.000007
   710      188.863629        0.000000      188.863629        0.000000        0.000007
   711      188.820349        0.000000      188.820349        0.000000        0.000005
   712      188.762917        0.000000      188.762917        0.000000        0.000003
   713      188.715887        0.000000      188.715887        0.000000        0.000005
   714      188.724633        0.000000      188.724633        0.000000        0.000007
   715      187.808994        0.000000      187.808994        0.000000        0.000010
   716      187.814954        0.000000      187.814954        0.000000        0.000006
   717      189.656984        0.000000      189.656984        0.000000        0.000004
   718      188.059012        0.000000      188.059012        0.000000        0.000006
   719      188.687914        0.000000      188.687914        0.000000        0.000006
   720      188.156682        0.000000      188.156682        0.000000        0.000008
   721      187.770948        0.000000      187.770948        0.000000        0.000007
   722      188.237703        0.000000      188.237703        0.000000        0.000006
   723      188.487085        0.000000      188.487085        0.000000        0.000005
   724      188.544689        0.000000      188.544689        0.000000        0.000008
   725      188.487806        0.000000      188.487806        0.000000        0.000004
   726      188.292928        0.000000      188.292928        0.000000        0.000006
   727      188.553617        0.000000      188.553617        0.000000        0.000005
   728      187.728316        0.000000      187.728316        0.000000        0.000007
   729      187.890186        0.000000      187.890186        0.000000        0.000006
   730      188.315769        0.000000      188.315769        0.000000        0.000007
   731      188.460564        0.000000      188.460564        0.000000        0.000007
   732      188.863672        0.000000      188.863672        0.000000        0.000005
   733      189.015412        0.000000      189.015412        0.000000        0.000007
   734      188.420774        0.000000      188.420774        0.000000        0.000006
   735      188.609768        0.000000      188.609768        0.000000        0.000004
   736      187.943782        0.000000      187.943782        0.000000        0.000008
   737      188.288223        0.000000      188.288223        0.000000        0.000007
   738      188.953657        0.000000      188.953657        0.000000        0.000007
   739      188.118749        0.000000      188.118749        0.000000        0.000005
   740      188.402403        0.000000      188.402403        0.000000        0.000006
   741      188.148423        0.000000      188.148423        0.000000        0.000007
   742      188.353287        0.000000      188.353287        0.000000        0.000008
   743      188.003900        0.000000      188.003900        0.000000        0.000008
   744      188.507439        0.000000      188.507439        0.000000        0.000007
   745      188.734001        0.000000      188.734001        0.000000        0.000006
   746      189.141489        0.000000      189.141489        0.000000        0.000006
   747      187.864038        0.000000      187.864038        0.000000        0.000007
   748      188.430068        0.000000      188.430068        0.000000        0.000006
   749      188.212635        0.000000      188.212635        0.000000        0.000007
   750      188.238498        0.000000      188.238498        0.000000        0.000006
   751      187.984648        0.000000      187.984648        0.000000        0.000007
   752      187.921078        0.000000      187.921078        0.000000        0.000007
   753      188.731651        0.000000      188.731651        0.000000        0.000006
   754      188.709736        0.000000      188.709736        0.000000        0.000006
   755      187.318949        0.000000      187.318949        0.000000        0.000008
   756      188.504977        0.000000      188.504977        0.000000        0.000005
   757      188.588249        0.000000      188.588249        0.000000        0.000007
   758      188.948141        0.000000      188.948141        0.000000        0.000006
   759      187.861871        0.000000      187.861871        0.000000        0.000006
   760      188.965472        0.000000      188.965472        0.000000        0.000006
   761      188.060823        0.000000      188.060823        0.000000        0.000005
   762      188.102845        0.000000      188.102845        0.000000        0.000010
   763      188.868074        0.000000      188.868074        0.000000        0.000006
   764      189.188877        0.000000      189.188877        0.000000        0.000005
   765      189.125348        0.000000      189.125348        0.000000        0.000004
   766      188.209740        0.000000      188.209740        0.000000        0.000006
   767      188.434488        0.000000      188.434488        0.000000        0.000005
   768      188.473984        0.000000      188.473984        0.000000        0.000008
   769      188.110075        0.000000      188.110075        0.000000        0.000007
   770      188.386367        0.000000      188.386367        0.000000        0.000005
   771      188.503503        0.000000      188.503503        0.000000        0.000007
   772      188.272000        0.000000      188.272000        0.000000        0.000007
   773      188.784674        0.000000      188.784674        0.000000        0.000005
   774      188.316479        0.000000      188.316479        0.000000        0.000008
   775      188.251692        0.000000      188.251692        0.000000        0.000006
   776      188.105803        0.000000      188.105803        0.000000        0.000005
   777      188.247221        0.000000      188.247221        0.000000        0.000006
   778      188.245354        0.000000      188.245354        0.000000        0.000009
   779      188.496142        0.000000      188.496142        0.000000        0.000004
   780      188.921178        0.000000      188.921178        0.000000        0.000007
   781      187.961877        0.000000      187.961877        0.000000        0.000007
   782      187.589008        0.000000      187.589008        0.000000        0.000010
   783      188.682518        0.000000      188.682518        0.000000        0.000005
   784      188.437741        0.000000      188.437741        0.000000        0.000006
   785      189.059939        0.000000      189.059939        0.000000        0.000005
   786      188.926353        0.000000      188.926353        0.000000        0.000007
   787      188.801679        0.000000      188.801679        0.000000        0.000006
   788      188.563636        0.000000      188.563636        0.000000        0.000007
   789      188.526082        0.000000      188.526082        0.000000        0.000006
   790      188.747675        0.000000      188.747675        0.000000        0.000007
   791      187.845988        0.000000      187.845988        0.000000        0.000005
   792      188.661318        0.000000      188.661318        0.000000        0.000005
   793      188.098068        0.000000      188.098068        0.000000        0.000005
   794      187.845658        0.000000      187.845658        0.000000        0.000009
   795      187.902899        0.000000      187.902899        0.000000        0.000007
   796      188.309055        0.000000      188.309055        0.000000        0.000008
   797      188.106961        0.000000      188.106961        0.000000        0.000009
   798      187.867265        0.000000      187.867265        0.000000        0.000008
   799      187.883193        0.000000      187.883193        0.000000        0.000006
   800      187.763758        0.000000      187.763758        0.000000        0.000009
   801      188.381615        0.000000      188.381615        0.000000        0.000006
   802      187.933100        0.000000      187.933100        0.000000        0.000006
   803      188.809932        0.000000      188.809932        0.000000        0.000006
   804      188.166526        0.000000      188.166526        0.000000        0.000006
   805      188.858071        0.000000      188.858071        0.000000        0.000004
   806      187.824112        0.000000      187.824112        0.000000        0.000007
   807      187.987257        0.000000      187.987257        0.000000        0.000008
   808      188.606680        0.000000      188.606680        0.000000        0.000005
   809      188.371059        0.000000      188.371059        0.000000        0.000005
   810      187.706707        0.000000      187.706707        0.000000        0.000007
   811      188.656894        0.000000      188.656894        0.000000        0.000008
   812      188.640829        0.000000      188.640829        0.000000        0.000007
   813      188.233188        0.000000      188.233188        0.000000        0.000007
   814      188.483991        0.000000      188.483991        0.000000        0.000008
   815      187.993556        0.000000      187.993556        0.000000        0.000008
   816      188.655121        0.000000      188.655121        0.000000        0.000006
   817      188.807644        0.000000      188.807644        0.000000        0.000005
   818      188.501876        0.000000      188.501876        0.000000        0.000005
   819      188.208348        0.000000      188.208348        0.000000        0.000006
   820      188.409575        0.000000      188.409575        0.000000        0.000009
   821      188.082395        0.000000      188.082395        0.000000        0.000010
   822      188.927401        0.000000      188.927401        0.000000        0.000006
   823      188.352223        0.000000      188.352223        0.000000        0.000007
   824      188.088573        0.000000      188.088573        0.000000        0.000006
   825      187.996239        0.000000      187.996239        0.000000        0.000009
   826      188.773600        0.000000      188.773600        0.000000        0.000004
   827      189.187652        0.000000      189.187652        0.000000        0.000007
   828      188.561139        0.000000      188.561139        0.000000        0.000006
   829      189.116465        0.000000      189.116465        0.000000        0.000004
   830      188.286052        0.000000      188.286052        0.000000        0.000010
   831      188.886865        0.000000      188.886865        0.000000        0.000006
   832      188.770292        0.000000      188.770292        0.000000        0.000006
   833      187.652219        0.000000      187.652219        0.000000        0.000007
   834      188.248146        0.000000      188.248146        0.000000        0.000005
   835      187.881631        0.000000      187.881631        0.000000        0.000007
   836      189.406739        0.000000      189.406739        0.000000        0.000005
   837      188.680880        0.000000      188.680880        0.000000        0.000008
   838      188.209535        0.000000      188.209535        0.000000        0.000006
   839      187.870875        0.000000      187.870875        0.000000        0.000006
   840      188.537364        0.000000      188.537364        0.000000        0.000008
   841      187.539452        0.000000      187.539452        0.000000        0.000007
   842      188.432438        0.000000      188.432438        0.000000        0.000006
   843      188.442424        0.000000      188.442424        0.000000        0.000007
   844      188.560608        0.000000      188.560608        0.000000        0.000005
   845      188.230039        0.000000      188.230039        0.000000        0.000004
   846      189.139092        0.000000      189.139092        0.000000        0.000005
   847      189.275571        0.000000      189.275571        0.000000        0.000006
   848      188.397200        0.000000      188.397200        0.000000        0.000007
   849      188.589330        0.000000      188.589330        0.000000        0.000009
   850      188.459555        0.000000      188.459555        0.000000        0.000006
   851      189.131735        0.000000      189.131735        0.000000        0.000003
   852      188.662202        0.000000      188.662202        0.000000        0.000007
   853      188.041922        0.000000      188.041922        0.000000        0.000005
   854      187.966483        0.000000      187.966483        0.000000        0.000006
   855      188.039252        0.000000      188.039252        0.000000        0.000005
   856      188.073968        0.000000      188.073968        0.000000        0.000007
   857      187.921346        0.129209      317.130352        0.000000        0.000011
   858      187.579525        0.000000      187.579525        0.000000        0.000008
   859      188.160596        0.000000      188.160596        0.000000        0.000005
   860      187.699096        0.000000      187.699096        0.000000        0.000007
   861      188.829636        0.000000      188.829636        0.000000        0.000008
   862      188.971933        0.000000      188.971933        0.000000        0.000004
   863      188.807204        0.000000      188.807204        0.000000        0.000005
   864      187.844377        0.000000      187.844377        0.000000        0.000007
   865      188.367884        0.000000      188.367884        0.000000        0.000007
   866      187.827360        0.000000      187.827360        0.000000        0.000008
   867      188.907464        0.000000      188.907464        0.000000        0.000007
   868      188.184705        0.000000      188.184705        0.000000        0.000008
   869      188.354198        0.000000      188.354198        0.000000        0.000006
   870      188.009415        0.000000      188.009415        0.000000        0.000006
   871      188.475018        0.000000      188.475018        0.000000        0.000007
   872      188.299827        0.000000      188.299827        0.000000        0.000009
   873      188.708892        0.000000      188.708892        0.000000        0.000005
   874      188.306475        0.000000      188.306475        0.000000        0.000007
   875      188.399587        0.013142      201.541446        0.000000        0.000010
   876      188.886680        0.000000      188.886680        0.000000        0.000005
   877      187.967885        0.000000      187.967885        0.000000        0.000006
   878      188.400586        0.000000      188.400586        0.000000        0.000006
   879      187.765729        0.000000      187.765729        0.000000        0.000006
   880      188.454529        0.000000      188.454529        0.000000        0.000006
   881      187.983037        0.000000      187.983037        0.000000        0.000007
   882      188.026341        0.000000      188.026341        0.000000        0.000008
   883      187.937182        0.000000      187.937182        0.000000        0.000009
   884      187.986164        0.000000      187.986164        0.000000        0.000007
   885      187.730512        0.000000      187.730512        0.000000        0.000008
   886      188.293088        0.000000      188.293088        0.000000        0.000006
   887      188.892692        0.000000      188.892692        0.000000        0.000007
   888      188.540075        0.000000      188.540075        0.000000        0.000005
   889      188.826841        0.000000      188.826841        0.000000        0.000006
   890      188.431559        0.000000      188.431559        0.000000        0.000008
   891      188.225471        0.000000      188.225471        0.000000        0.000009
   892      188.669470        0.000000      188.669470        0.000000        0.000006
   893      188.072402        0.212602      400.674152        0.000000        0.000012
   894      188.591511        0.000000      188.591511        0.000000        0.000005
   895      188.986328        0.000000      188.986328        0.000000        0.000005
   896      187.628624        0.000000      187.628624        0.000000        0.000008
   897      188.568312        0.000000      188.568312        0.000000        0.000007
   898      188.178076        0.000000      188.178076        0.000000        0.000008
   899      188.560067        0.000000      188.560067        0.000000        0.000008
   900      188.970088        0.000000      188.970088        0.000000        0.000004
   901      188.453602        0.000000      188.453602        0.000000        0.000005
   902      187.625084        0.000000      187.625084        0.000000        0.000006
   903      188.097852        0.000000      188.097852        0.000000        0.000007
   904      188.206738        0.000000      188.206738        0.000000        0.000008
   905      188.314588        0.000000      188.314588        0.000000        0.000005
   906      188.458428        0.000000      188.458428        0.000000        0.000008
   907      188.287228        0.000000      188.287228        0.000000        0.000006
   908      187.941506        0.000000      187.941506        0.000000        0.000005
   909      188.548292        0.000000      188.548292        0.000000        0.000005
   910      188.386287        0.000000      188.386287        0.000000        0.000008
   911      188.201394        0.000000      188.201394        0.000000        0.000008
   912      188.822329        0.000000      188.822329        0.000000        0.000005
   913      188.782828        0.000000      188.782828        0.000000        0.000007
   914      188.981957        0.000000      188.981957        0.000000        0.000005
   915      187.563094        0.000000      187.563094        0.000000        0.000007
   916      188.042220        0.033353      221.395343        0.000000        0.000010
   917      188.988517        0.000000      188.988517        0.000000        0.000004
   918      188.313852        0.000000      188.313852        0.000000        0.000007
   919      188.308020        0.000000      188.308020        0.000000        0.000007
   920      188.612737        0.000000      188.612737        0.000000        0.000005
   921      187.876034        0.000000      187.876034        0.000000        0.000006
   922      188.790033        0.000000      188.790033        0.000000        0.000005
   923      188.194905        0.000000      188.194905        0.000000        0.000007
   924      187.662908        0.000000      187.662908        0.000000        0.000007
   925      188.714032        0.000000      188.714032        0.000000        0.000004
   926      188.672011        0.000000      188.672011        0.000000        0.000007
   927      188.207387        0.000000      188.207387        0.000000        0.000007
   928      188.336390        0.000000      188.336390        0.000000        0.000005
   929      188.280534        0.000000      188.280534        0.000000        0.000004
   930      188.183035        0.000000      188.183035        0.000000        0.000005
   931      188.032266        0.000000      188.032266        0.000000        0.000007
   932      187.563145        0.414271      601.833649        0.000000        0.000014
   933      189.505424        0.000000      189.505424        0.000000        0.000005
   934      188.569376        0.000000      188.569376        0.000000        0.000007
   935      188.223801        0.000000      188.223801        0.000000        0.000006
   936      189.131344        0.000000      189.131344        0.000000        0.000005
   937      188.455212        0.000000      188.455212        0.000000        0.000007
   938      188.460618        0.000000      188.460618        0.000000        0.000005
   939      189.422897        0.000000      189.422897        0.000000        0.000005
   940      188.626227        0.000000      188.626227        0.000000        0.000007
   941      188.315029        0.000000      188.315029        0.000000        0.000006
   942      187.771594        0.000000      187.771594        0.000000        0.000008
   943      188.577728        0.000000      188.577728        0.000000        0.000009
   944      188.830275        0.000000      188.830275        0.000000        0.000006
   945      188.426258        0.000000      188.426258        0.000000        0.000007
   946      188.189490        0.000000      188.189490        0.000000        0.000008
   947      188.067268        0.000000      188.067268        0.000000        0.000008
   948      188.872905        0.000000      188.872905        0.000000        0.000005
   949      188.885258        0.000000      188.885258        0.000000        0.000009
   950      187.927423        0.000000      187.927423        0.000000        0.000006
   951      188.328565        0.000000      188.328565        0.000000        0.000007
   952      187.749000        0.000000      187.749000        0.000000        0.000008
   953      188.156940        0.000000      188.156940        0.000000        0.000007
   954      188.167133        0.000000      188.167133        0.000000        0.000005
   955      188.343532        0.000000      188.343532        0.000000        0.000007
   956      187.788634        0.000000      187.788634        0.000000        0.000010
   957      187.831160        0.000000      187.831160        0.000000        0.000007
   958      188.248078        0.000000      188.248078        0.000000        0.000006
   959      188.436023        0.000000      188.436023        0.000000        0.000007
   960      188.330774        0.000000      188.330774        0.000000        0.000007
   961      188.495567        0.000000      188.495567        0.000000        0.000006
   962      188.696398        0.000000      188.696398        0.000000        0.000005
   963      188.271289        0.000000      188.271289        0.000000        0.000005
   964      189.247090        0.000000      189.247090        0.000000        0.000007
   965      188.409673        0.000000      188.409673        0.000000        0.000006
   966      188.388557        0.000000      188.388557        0.000000        0.000010
   967      188.385126        0.000000      188.385126        0.000000        0.000007
   968      188.823040        0.000000      188.823040        0.000000        0.000007
   969      189.123365        0.000000      189.123365        0.000000        0.000005
   970      188.074162        0.000000      188.074162        0.000000        0.000006
   971      187.832272        0.000000      187.832272        0.000000        0.000008
   972      188.030585        0.000000      188.030585        0.000000        0.000007
   973      188.466141        0.000000      188.466141        0.000000        0.000007
   974      187.847408        0.000000      187.847408        0.000000        0.000007
   975      187.831243        0.000000      187.831243        0.000000        0.000009
   976      188.976779        0.000000      188.976779        0.000000        0.000003
   977      187.865184        0.000000      187.865184        0.000000        0.000006
   978      188.817113        0.000000      188.817113        0.000000        0.000005
   979      188.789140        0.000000      188.789140        0.000000        0.000005
   980      188.199478        0.000000      188.199478        0.000000        0.000005
   981      188.460345        0.000000      188.460345        0.000000        0.000005
   982      187.993016        0.000000      187.993016        0.000000        0.000010
   983      188.503674        0.000000      188.503674        0.000000        0.000007
   984      188.494880        0.000000      188.494880        0.000000        0.000006
   985      188.463291        0.000000      188.463291        0.000000        0.000007
   986      188.705432        0.000000      188.705432        0.000000        0.000006
   987      188.174935        0.000000      188.174935        0.000000        0.000007
   988      188.039388        0.000000      188.039388        0.000000        0.000006
   989      187.957012        0.000000      187.957012        0.000000        0.000009
   990      187.560280        0.000000      187.560280        0.000000        0.000007
   991      188.090752        0.000000      188.090752        0.000000        0.000006
   992      188.149698        0.000000      188.149698        0.000000        0.000008
   993      187.883039        0.000000      187.883039        0.000000        0.000008
   994      187.957845        0.000000      187.957845        0.000000        0.000007
   995      188.315874        0.000000      188.315874        0.000000        0.000008
   996      189.191922        0.000000      189.191922        0.000000        0.000005
   997      187.919856        0.000000      187.919856        0.000000        0.000005
   998      187.564202        0.000000      187.564202        0.000000        0.000010
   999      188.396157        0.000000      188.396157        0.000000        0.000006
  1000      187.112000        0.000000      187.112000        0.000000        0.000007
