 Gen#      NN#        ErrMean        sga%ErrMean        ErrStd         sga%ErrSt
 d
   3        1         605.3666        605.3666       7721.2149       7721.2149
   4        1        1048.1645       1048.1645       7217.3308       7217.3308
   5        1        1092.9097       1092.9097       7144.3798       7144.3798
   6        1        1046.8912       1046.8912       7162.1439       7162.1439
   7        1         998.4074        998.4074       7205.9402       7205.9402
   8        1         -35.6924        -35.6924       2965.9697       2965.9697
   9        1        -410.7600       -410.7600       3267.4474       3267.4474
  10        1        -485.6780       -485.6780       3367.9137       3367.9137
  11        1        -131.0122       -131.0122       3345.0716       3345.0716
  12        1         163.0495        163.0495       3422.3362       3422.3362
  13        1       -1301.6246      -1301.6246       2050.4436       2050.4436
  14        1        -889.2424       -889.2424       1946.0255       1946.0255
  15        1        -582.9571       -582.9571       1807.0000       1807.0000
  16        1        -292.0442       -292.0442       1616.0388       1616.0388
  17        1        -469.2910       -469.2910       1304.2683       1304.2683
  18        1        -280.5377       -280.5377       1091.0912       1091.0912
  19        1        -280.7593       -280.7593       1039.3140       1039.3140
  20        1         -97.5041        -97.5041        936.4775        936.4775
  21        1         -87.2572        -87.2572        418.8875        418.8875
  22        1         -84.1846        -84.1846        357.7038        357.7038
  23        1         -19.7683        -19.7683        219.5916        219.5916
  24        1         -15.2446        -15.2446        200.5870        200.5870
  25        1         -24.3553        -24.3553        182.1945        182.1945
  26        1           9.3968          9.3968        169.9540        169.9540
  27        1          21.1431         21.1431        157.1371        157.1371
  28        1          -1.1271         -1.1271          0.6116          0.6116
  29        1          -1.3798         -1.3798          0.5272          0.5272
  30        1          -1.4478         -1.4478          0.4721          0.4721
  31        1          -1.4754         -1.4754          0.4342          0.4342
  32        1          -1.4997         -1.4997          0.4198          0.4198
  33        1          -1.5322         -1.5322          0.4027          0.4027
  34        1          -1.5260         -1.5260          0.3859          0.3859
  35        1          -1.5239         -1.5239          0.3935          0.3935
  36        1           2.0363          2.0363         34.3810         34.3810
  37        1          21.2578         21.2578         84.3102         84.3102
  38        1          -0.3041         -0.3041          0.2984          0.2984
  39        1          -0.3402         -0.3402          0.2572          0.2572
  40        1          -0.3235         -0.3235          0.2893          0.2893
  41        1          -0.3432         -0.3432          0.2563          0.2563
  42        1          -0.3565         -0.3565          0.2396          0.2396
  43        1          -0.3680         -0.3680          0.2345          0.2345
  44        1           4.8972          4.8972         41.7585         41.7585
  45        1           4.2589          4.2589         39.0593         39.0593
  46        1          16.0390         16.0390         72.2876         72.2876
  47        1          36.5389         36.5389        104.8572        104.8572
  48        1          43.2506         43.2506        112.6499        112.6499
  49        1         184.0488        184.0488        175.0948        175.0948
  50        1         253.5112        253.5112        145.2464        145.2464
  51        1         257.8828        257.8828        140.7540        140.7540
  52        1         257.9069        257.9069        140.0644        140.0644
  53        1         272.6778        272.6778        128.4438        128.4438
  54        1         276.3643        276.3643        124.9612        124.9612
  55        1         273.7487        273.7487        127.0985        127.0985
  56        1         280.2882        280.2882        121.0349        121.0349
  57        1         273.6295        273.6295        126.9870        126.9870
  58        1         272.7045        272.7045        127.6956        127.6956
  59        1         274.7162        274.7162        125.9041        125.9041
  60        1          -0.0161         -0.0161          0.0917          0.0917
  61        1          73.4719         73.4719        141.9015        141.9015
  62        1         101.7666        101.7666        156.1476        156.1476
  63        1         128.6762        128.6762        164.0643        164.0643
  64        1         146.2500        146.2500        166.7588        166.7588
  65        1         142.7558        142.7558        166.0253        166.0253
  66        1         151.4653        151.4653        166.7939        166.7939
  67        1         168.0138        168.0138        167.2225        167.2225
  68        1         176.6074        176.6074        166.7460        166.7460
  69        1         179.5314        179.5314        166.4155        166.4155
  70        1         191.3587        191.3587        164.9036        164.9036
  71        1         200.7484        200.7484        163.0537        163.0537
  72        1         257.7272        257.7272        146.5798        146.5798
  73        1         276.2094        276.2094        127.4785        127.4785
  74        1         293.2352        293.2352        108.2998        108.2998
  75        1         291.2916        291.2916        110.1308        110.1308
  76        1         299.1485        299.1485         99.8201         99.8201
  77        1         296.9709        296.9709        102.5695        102.5695
  78        1         284.1286        284.1286        117.2723        117.2723
  79        1         278.8593        278.8593        122.3494        122.3494
  80        1         283.4519        283.4519        117.7849        117.7849
  81        1         287.3147        287.3147        113.6764        113.6764
  82        1         286.4942        286.4942        114.4972        114.4972
  83        1         281.9763        281.9763        119.0870        119.0870
  84        1         285.6742        285.6742        115.2651        115.2651
  85        1         288.4366        288.4366        112.2568        112.2568
  87        1         118.0143        118.0143        164.9786        164.9786
  88        1         173.3604        173.3604        169.7198        169.7198
  89        1         190.9593        190.9593        167.1076        167.1076
  90        1         202.8777        202.8777        164.2457        164.2457
  91        1         214.7183        214.7183        160.5519        160.5519
  92        1         220.6920        220.6920        158.2929        158.2929
  93        1         232.4647        232.4647        153.3708        153.3708
  94        1         240.2261        240.2261        149.5419        149.5419
  95        1         226.5074        226.5074        155.6355        155.6355
  96        1         234.9601        234.9601        151.8711        151.8711
  97        1         243.4718        243.4718        147.5097        147.5097
  98        1         246.1065        246.1065        145.9862        145.9862
  99        1         238.8880        238.8880        149.7470        149.7470
 100        1         245.4146        245.4146        146.2531        146.2531
 101        1         246.4936        246.4936        145.5997        145.5997
 102        1         251.7994        251.7994        142.4328        142.4328
 103        1          -0.2614         -0.2614          0.0426          0.0426
 104        1          36.4649         36.4649        107.2848        107.2848
 105        1          24.0869         24.0869         88.5665         88.5665
 106        1          29.6411         29.6411         96.8904         96.8904
 107        1          16.4618         16.4618         74.1679         74.1679
 108        1          21.0726         21.0726         82.8628         82.8628
 109        1          49.5313         49.5313        119.9841        119.9841
 110        1          49.2073         49.2073        119.5465        119.5465
 111        1          53.9142         53.9142        123.9104        123.9104
 112        1          61.3873         61.3873        130.2347        130.2347
 113        1          64.2000         64.2000        132.3846        132.3846
 114        1          69.5154         69.5154        136.2582        136.2582
 115        1          67.8842         67.8842        135.0251        135.0251
 116        1          -0.7213         -0.7213          0.2309          0.2309
 117        1          -0.6542         -0.6542          0.2215          0.2215
 118        1          11.6690         11.6690         63.9082         63.9082
 119        1           8.6160          8.6160         55.3424         55.3424
 120        1           6.7874          6.7874         49.4973         49.4973
 121        1          31.9856         31.9856         99.7810         99.7810
 122        1          33.7900         33.7900        102.0635        102.0635
 123        1          30.5801         30.5801         97.6015         97.6015
 124        1          41.5605         41.5605        111.3203        111.3203
 125        1          46.3145         46.3145        116.3808        116.3808
 126        1          46.9365         46.9365        116.9521        116.9521
 127        1          50.5945         50.5945        120.5269        120.5269
 128        1          50.8628         50.8628        120.7392        120.7392
 129        1          57.5529         57.5529        126.7783        126.7783
 130        1          65.2864         65.2864        140.0926        140.0926
 131        1          77.1217         77.1217        145.2710        145.2710
 150        1           9.4262          9.4262         58.7128         58.7128
